178,13	1286,12
178,35	1286,12
178,57	1286,12
178,78	1206,25
179,00	1247,21
179,22	1359,85
179,44	1337,32
179,66	1398,76
179,87	1482,73
180,09	1366,00
180,31	1447,91
180,53	1394,67
180,75	1423,34
180,96	1288,17
181,18	1318,89
181,40	1282,03
181,62	1431,53
181,84	1357,80
182,05	1341,42
182,27	1296,36
182,49	1341,42
182,71	1366,00
182,92	1488,87
183,14	1382,38
183,36	1398,76
183,58	1386,47
183,80	1376,24
184,01	1384,43
184,23	1474,54
184,45	1456,11
184,67	1368,04
184,89	1406,95
185,10	1366,00
185,32	1417,19
185,54	1349,61
185,76	1366,00
185,97	1417,19
186,19	1345,52
186,41	1388,52
186,63	1415,15
186,84	1370,09
187,06	1357,80
187,28	1474,54
187,50	1337,32
187,72	1466,35
187,93	1419,24
188,15	1392,62
188,37	1370,09
188,59	1310,70
188,80	1376,24
189,02	1384,43
189,24	1277,93
189,46	1353,71
189,67	1497,07
189,89	1449,96
190,11	1376,24
190,33	1409,00
190,54	1423,34
190,76	1474,54
190,98	1431,53
191,20	1402,86
191,41	1406,95
191,63	1443,82
191,85	1333,23
192,07	1318,89
192,28	1357,80
192,50	1433,58
192,72	1390,57
192,94	1409,00
193,15	1435,63
193,37	1409,00
193,59	1447,91
193,81	1460,20
194,02	1349,61
194,24	1390,57
194,46	1349,61
194,67	1443,82
194,89	1353,71
195,11	1464,30
195,33	1415,15
195,54	1456,11
195,76	1378,28
195,98	1433,58
196,20	1351,66
196,41	1316,84
196,63	1447,91
196,85	1447,91
197,06	1310,70
197,28	1427,43
197,50	1384,43
197,72	1415,15
197,93	1390,57
198,15	1507,30
198,37	1370,09
198,58	1359,85
198,80	1431,53
199,02	1400,81
199,24	1415,15
199,45	1439,72
199,67	1228,78
199,89	1415,15
200,10	1349,61
200,32	1335,28
200,54	1390,57
200,76	1316,84
200,97	1480,68
201,19	1366,00
201,41	1325,04
201,62	1376,24
201,84	1415,15
202,06	1394,67
202,28	1466,35
202,49	1398,76
202,71	1482,73
202,93	1466,35
203,14	1351,66
203,36	1425,39
203,58	1251,31
203,79	1400,81
204,01	1441,77
204,23	1497,07
204,44	1478,63
204,66	1447,91
204,88	1415,15
205,10	1456,11
205,31	1390,57
205,53	1390,57
205,75	1443,82
205,96	1449,96
206,18	1341,42
206,40	1318,89
206,61	1353,71
206,83	1353,71
207,05	1366,00
207,26	1341,42
207,48	1458,15
207,70	1525,74
207,91	1390,57
208,13	1411,05
208,35	1398,76
208,56	1320,94
208,78	1376,24
209,00	1435,63
209,21	1382,38
209,43	1441,77
209,65	1431,53
209,86	1382,38
210,08	1456,11
210,30	1357,80
210,51	1378,28
210,73	1425,39
210,95	1427,43
211,16	1398,76
211,38	1366,00
211,60	1318,89
211,81	1357,80
212,03	1427,43
212,25	1447,91
212,46	1460,20
212,68	1433,58
212,90	1415,15
213,11	1423,34
213,33	1419,24
213,55	1423,34
213,76	1443,82
213,98	1382,38
214,20	1398,76
214,41	1398,76
214,63	1507,30
214,84	1366,00
215,06	1390,57
215,28	1439,72
215,49	1464,30
215,71	1431,53
215,93	1480,68
216,14	1310,70
216,36	1374,19
216,58	1415,15
216,79	1423,34
217,01	1382,38
217,22	1366,00
217,44	1476,59
217,66	1497,07
217,87	1333,23
218,09	1384,43
218,31	1308,65
218,52	1353,71
218,74	1439,72
218,95	1435,63
219,17	1378,28
219,39	1390,57
219,60	1472,49
219,82	1357,80
220,04	1480,68
220,25	1384,43
220,47	1384,43
220,68	1431,53
220,90	1382,38
221,12	1406,95
221,33	1415,15
221,55	1423,34
221,77	1406,95
221,98	1380,33
222,20	1423,34
222,41	1415,15
222,63	1384,43
222,85	1431,53
223,06	1386,47
223,28	1460,20
223,49	1466,35
223,71	1415,15
223,93	1423,34
224,14	1433,58
224,36	1488,87
224,57	1380,33
224,79	1398,76
225,01	1392,62
225,22	1392,62
225,44	1343,47
225,65	1308,65
225,87	1464,30
226,09	1441,77
226,30	1515,50
226,52	1425,39
226,73	1357,80
226,95	1589,22
227,17	1439,72
227,38	1370,09
227,60	1538,02
227,81	1394,67
228,03	1431,53
228,24	1357,80
228,46	1466,35
228,68	1357,80
228,89	1384,43
229,11	1353,71
229,32	1488,87
229,54	1320,94
229,75	1458,15
229,97	1378,28
230,19	1452,01
230,40	1431,53
230,62	1376,24
230,83	1374,19
231,05	1445,87
231,26	1359,85
231,48	1472,49
231,70	1437,67
231,91	1400,81
232,13	1452,01
232,34	1415,15
232,56	1363,95
232,77	1384,43
232,99	1417,19
233,21	1546,22
233,42	1392,62
233,64	1435,63
233,85	1320,94
234,07	1341,42
234,28	1480,68
234,50	1433,58
234,71	1447,91
234,93	1398,76
235,15	1329,13
235,36	1325,04
235,58	1382,38
235,79	1359,85
236,01	1423,34
236,22	1402,86
236,44	1521,64
236,65	1382,38
236,87	1458,15
237,08	1374,19
237,30	1382,38
237,52	1427,43
237,73	1359,85
237,95	1349,61
238,16	1288,17
238,38	1406,95
238,59	1409,00
238,81	1464,30
239,02	1423,34
239,24	1366,00
239,45	1374,19
239,67	1400,81
239,88	1341,42
240,10	1447,91
240,31	1366,00
240,53	1341,42
240,74	1456,11
240,96	1435,63
241,18	1447,91
241,39	1341,42
241,61	1406,95
241,82	1374,19
242,04	1382,38
242,25	1439,72
242,47	1333,23
242,68	1392,62
242,90	1335,28
243,11	1333,23
243,33	1366,00
243,54	1513,45
243,76	1288,17
243,97	1488,87
244,19	1439,72
244,40	1361,90
244,62	1427,43
244,83	1392,62
245,05	1353,71
245,26	1368,04
245,48	1419,24
245,69	1392,62
245,91	1376,24
246,12	1357,80
246,34	1425,39
246,55	1366,00
246,77	1366,00
246,98	1390,57
247,20	1368,04
247,41	1357,80
247,63	1382,38
247,84	1370,09
248,06	1515,50
248,27	1376,24
248,49	1452,01
248,70	1406,95
248,92	1329,13
249,13	1296,36
249,35	1357,80
249,56	1374,19
249,78	1329,13
249,99	1390,57
250,21	1400,81
250,42	1441,77
250,64	1386,47
250,85	1327,08
251,06	1398,76
251,28	1415,15
251,49	1425,39
251,71	1335,28
251,92	1345,52
252,14	1488,87
252,35	1349,61
252,57	1423,34
252,78	1431,53
253,00	1390,57
253,21	1406,95
253,43	1368,04
253,64	1376,24
253,86	1431,53
254,07	1355,76
254,28	1349,61
254,50	1423,34
254,71	1415,15
254,93	1374,19
255,14	1378,28
255,36	1366,00
255,57	1382,38
255,79	1341,42
256,00	1431,53
256,22	1312,75
256,43	1417,19
256,64	1458,15
256,86	1406,95
257,07	1406,95
257,29	1411,05
257,50	1308,65
257,72	1390,57
257,93	1419,24
258,15	1398,76
258,36	1341,42
258,57	1384,43
258,79	1488,87
259,00	1390,57
259,22	1398,76
259,43	1390,57
259,65	1449,96
259,86	1390,57
260,08	1333,23
260,29	1636,33
260,50	1357,80
260,72	1677,29
260,93	1368,04
261,15	1284,08
261,36	1386,47
261,58	1366,00
261,79	1423,34
262,00	1439,72
262,22	1439,72
262,43	1406,95
262,65	1341,42
262,86	1441,77
263,07	1409,00
263,29	1427,43
263,50	1474,54
263,72	1509,35
263,93	1398,76
264,15	1402,86
264,36	1300,46
264,57	1376,24
264,79	1449,96
265,00	1390,57
265,22	1415,15
265,43	1400,81
265,64	1378,28
265,86	1351,66
266,07	1398,76
266,29	1366,00
266,50	1269,74
266,71	1452,01
266,93	1357,80
267,14	1366,00
267,36	1456,11
267,57	1447,91
267,78	1333,23
268,00	1542,12
268,21	1499,11
268,43	1505,26
268,64	1349,61
268,85	1366,00
269,07	1431,53
269,28	1456,11
269,50	1316,84
269,71	1398,76
269,92	1431,53
270,14	1472,49
270,35	1316,84
270,56	1458,15
270,78	1366,00
270,99	1409,00
271,21	1353,71
271,42	1374,19
271,63	1415,15
271,85	1343,47
272,06	1357,80
272,27	1374,19
272,49	1441,77
272,70	1386,47
272,92	1464,30
273,13	1343,47
273,34	1353,71
273,56	1398,76
273,77	1406,95
273,98	1447,91
274,20	1406,95
274,41	1384,43
274,63	1398,76
274,84	1382,38
275,05	1447,91
275,27	1406,95
275,48	1417,19
275,69	1398,76
275,91	1384,43
276,12	1415,15
276,33	1300,46
276,55	1439,72
276,76	1351,66
276,97	1472,49
277,19	1382,38
277,40	1341,42
277,61	1431,53
277,83	1382,38
278,04	1400,81
278,26	1370,09
278,47	1386,47
278,68	1447,91
278,90	1329,13
279,11	1359,85
279,32	1415,15
279,54	1398,76
279,75	1413,10
279,96	1400,81
280,18	1439,72
280,39	1466,35
280,60	1413,10
280,82	1472,49
281,03	1314,80
281,24	1505,26
281,46	1456,11
281,67	1392,62
281,88	1376,24
282,10	1382,38
282,31	1374,19
282,52	1435,63
282,74	1304,56
282,95	1460,20
283,16	1398,76
283,37	1376,24
283,59	1378,28
283,80	1392,62
284,01	1501,16
284,23	1341,42
284,44	1431,53
284,65	1474,54
284,87	1406,95
285,08	1458,15
285,29	1406,95
285,51	1431,53
285,72	1357,80
285,93	1482,73
286,15	1411,05
286,36	1390,57
286,57	1474,54
286,78	1341,42
287,00	1419,24
287,21	1406,95
287,42	1390,57
287,64	1409,00
287,85	1429,48
288,06	1374,19
288,28	1378,28
288,49	1300,46
288,70	1357,80
288,91	1316,84
289,13	1484,78
289,34	1423,34
289,55	1368,04
289,77	1382,38
289,98	1366,00
290,19	1464,30
290,40	1349,61
290,62	1402,86
290,83	1357,80
291,04	1384,43
291,26	1341,42
291,47	1366,00
291,68	1439,72
291,89	1374,19
292,11	1447,91
292,32	1398,76
292,53	1447,91
292,74	1409,00
292,96	1419,24
293,17	1423,34
293,38	1378,28
293,60	1482,73
293,81	1376,24
294,02	1368,04
294,23	1411,05
294,45	1488,87
294,66	1476,59
294,87	1497,07
295,08	1333,23
295,30	1505,26
295,51	1423,34
295,72	1382,38
295,93	1333,23
296,15	1464,30
296,36	1466,35
296,57	1462,25
296,78	1423,34
297,00	1327,08
297,21	1337,32
297,42	1443,82
297,63	1370,09
297,85	1441,77
298,06	1476,59
298,27	1374,19
298,48	1466,35
298,70	1439,72
298,91	1574,89
299,12	1411,05
299,33	1374,19
299,55	1308,65
299,76	1308,65
299,97	1400,81
300,18	1366,00
300,40	1325,04
300,61	1374,19
300,82	1396,71
301,03	1370,09
301,24	1415,15
301,46	1398,76
301,67	1411,05
301,88	1378,28
302,09	1458,15
302,31	1325,04
302,52	1294,32
302,73	1490,92
302,94	1468,39
303,15	1376,24
303,37	1341,42
303,58	1355,76
303,79	1382,38
304,00	1429,48
304,22	1392,62
304,43	1390,57
304,64	1347,56
304,85	1366,00
305,06	1431,53
305,28	1366,00
305,49	1472,49
305,70	1482,73
305,91	1357,80
306,12	1417,19
306,34	1415,15
306,55	1378,28
306,76	1435,63
306,97	1458,15
307,18	1431,53
307,40	1349,61
307,61	1366,00
307,82	1402,86
308,03	1415,15
308,24	1351,66
308,46	1312,75
308,67	1400,81
308,88	1374,19
309,09	1458,15
309,30	1447,91
309,52	1378,28
309,73	1431,53
309,94	1353,71
310,15	1341,42
310,36	1359,85
310,57	1376,24
310,79	1402,86
311,00	1419,24
311,21	1411,05
311,42	1470,44
311,63	1425,39
311,85	1275,88
312,06	1470,44
312,27	1433,58
312,48	1431,53
312,69	1335,28
312,90	1513,45
313,12	1357,80
313,33	1366,00
313,54	1458,15
313,75	1300,46
313,96	1402,86
314,17	1402,86
314,39	1310,70
314,60	1409,00
314,81	1417,19
315,02	1378,28
315,23	1390,57
315,44	1441,77
315,65	1447,91
315,87	1374,19
316,08	1394,67
316,29	1320,94
316,50	1384,43
316,71	1359,85
316,92	1398,76
317,14	1333,23
317,35	1357,80
317,56	1359,85
317,77	1411,05
317,98	1431,53
318,19	1472,49
318,40	1417,19
318,62	1433,58
318,83	1384,43
319,04	1357,80
319,25	1386,47
319,46	1447,91
319,67	1409,00
319,88	1370,09
320,09	1390,57
320,31	1357,80
320,52	1384,43
320,73	1501,16
320,94	1353,71
321,15	1368,04
321,36	1409,00
321,57	1435,63
321,78	1431,53
322,00	1376,24
322,21	1435,63
322,42	1341,42
322,63	1400,81
322,84	1382,38
323,05	1417,19
323,26	1370,09
323,47	1357,80
323,69	1406,95
323,90	1374,19
324,11	1349,61
324,32	1452,01
324,53	1392,62
324,74	1439,72
324,95	1398,76
325,16	1476,59
325,37	1376,24
325,59	1318,89
325,80	1460,20
326,01	1308,65
326,22	1449,96
326,43	1341,42
326,64	1466,35
326,85	1386,47
327,06	1376,24
327,27	1308,65
327,48	1431,53
327,69	1447,91
327,91	1406,95
328,12	1415,15
328,33	1316,84
328,54	1384,43
328,75	1347,56
328,96	1413,10
329,17	1400,81
329,38	1423,34
329,59	1335,28
329,80	1767,40
330,01	1427,43
330,23	1431,53
330,44	1497,07
330,65	1286,12
330,86	1390,57
331,07	1335,28
331,28	1460,20
331,49	1439,72
331,70	1464,30
331,91	1349,61
332,12	1417,19
332,33	1456,11
332,54	1447,91
332,75	1390,57
332,96	1406,95
333,17	1402,86
333,39	1409,00
333,60	1382,38
333,81	1456,11
334,02	1325,04
334,23	1376,24
334,44	1345,52
334,65	1329,13
334,86	1325,04
335,07	1460,20
335,28	1390,57
335,49	1433,58
335,70	1368,04
335,91	1366,00
336,12	1429,48
336,33	1439,72
336,54	1351,66
336,75	1382,38
336,96	1341,42
337,17	1374,19
337,39	1349,61
337,60	1357,80
337,81	1468,39
338,02	1409,00
338,23	1419,24
338,44	1349,61
338,65	1275,88
338,86	1400,81
339,07	1419,24
339,28	1359,85
339,49	1499,11
339,70	1417,19
339,91	1433,58
340,12	1406,95
340,33	1351,66
340,54	1368,04
340,75	1376,24
340,96	1384,43
341,17	1388,52
341,38	1359,85
341,59	1398,76
341,80	1439,72
342,01	1351,66
342,22	1333,23
342,43	1316,84
342,64	1382,38
342,85	1370,09
343,06	1423,34
343,27	1366,00
343,48	1433,58
343,69	1382,38
343,90	1366,00
344,11	1368,04
344,32	1439,72
344,53	1386,47
344,74	1431,53
344,95	1374,19
345,16	1423,34
345,37	1366,00
345,58	1366,00
345,79	1351,66
346,00	1499,11
346,21	1382,38
346,42	1433,58
346,63	1357,80
346,84	1400,81
347,05	1333,23
347,26	1357,80
347,47	1400,81
347,68	1390,57
347,89	1374,19
348,10	1351,66
348,31	1439,72
348,52	1361,90
348,73	1398,76
348,94	1277,93
349,15	1521,64
349,36	1335,28
349,57	1374,19
349,78	1390,57
349,99	1398,76
350,20	1441,77
350,41	1390,57
350,62	1316,84
350,83	1431,53
351,04	1349,61
351,25	1376,24
351,46	1376,24
351,67	1409,00
351,88	1374,19
352,09	1370,09
352,30	1433,58
352,50	1419,24
352,71	1345,52
352,92	1304,56
353,13	1392,62
353,34	1325,04
353,55	1417,19
353,76	1374,19
353,97	1357,80
354,18	1415,15
354,39	1456,11
354,60	1554,41
354,81	1382,38
355,02	1374,19
355,23	1478,63
355,44	1378,28
355,65	1308,65
355,86	1351,66
356,07	1427,43
356,28	1486,83
356,48	1431,53
356,69	1396,71
356,90	1372,14
357,11	1349,61
357,32	1398,76
357,53	1349,61
357,74	1447,91
357,95	1417,19
358,16	1357,80
358,37	1423,34
358,58	1417,19
358,79	1374,19
359,00	1384,43
359,21	1406,95
359,41	1501,16
359,62	1406,95
359,83	1382,38
360,04	1345,52
360,25	1431,53
360,46	1409,00
360,67	1415,15
360,88	1384,43
361,09	1433,58
361,30	1345,52
361,51	1409,00
361,72	1374,19
361,92	1392,62
362,13	1382,38
362,34	1349,61
362,55	1341,42
362,76	1335,28
362,97	1398,76
363,18	1406,95
363,39	1370,09
363,60	1382,38
363,81	1302,51
364,01	1480,68
364,22	1449,96
364,43	1472,49
364,64	1351,66
364,85	1439,72
365,06	1370,09
365,27	1409,00
365,48	1419,24
365,69	1357,80
365,89	1357,80
366,10	1431,53
366,31	1351,66
366,52	1411,05
366,73	1419,24
366,94	1447,91
367,15	1406,95
367,36	1396,71
367,57	1464,30
367,77	1488,87
367,98	1497,07
368,19	1390,57
368,40	1308,65
368,61	1359,85
368,82	1398,76
369,03	1435,63
369,23	1480,68
369,44	1359,85
369,65	1415,15
369,86	1419,24
370,07	1366,00
370,28	1390,57
370,49	1427,43
370,70	1421,29
370,90	1390,57
371,11	1370,09
371,32	1386,47
371,53	1439,72
371,74	1318,89
371,95	1474,54
372,16	1359,85
372,36	1374,19
372,57	1386,47
372,78	1267,69
372,99	1406,95
373,20	1366,00
373,41	1318,89
373,61	1443,82
373,82	1472,49
374,03	1406,95
374,24	1402,86
374,45	1447,91
374,66	1390,57
374,86	1460,20
375,07	1308,65
375,28	1435,63
375,49	1341,42
375,70	1337,32
375,91	1318,89
376,11	1361,90
376,32	1337,32
376,53	1447,91
376,74	1517,54
376,95	1832,93
377,16	1456,11
377,36	1349,61
377,57	1406,95
377,78	1333,23
377,99	1529,83
378,20	1460,20
378,40	1384,43
378,61	1435,63
378,82	1415,15
379,03	1447,91
379,24	1452,01
379,45	1398,76
379,65	1431,53
379,86	1374,19
380,07	1316,84
380,28	1417,19
380,49	1423,34
380,69	1423,34
380,90	1570,79
381,11	1343,47
381,32	1382,38
381,53	1472,49
381,73	1431,53
381,94	1327,08
382,15	1392,62
382,36	1361,90
382,57	1402,86
382,77	1329,13
382,98	1458,15
383,19	1431,53
383,40	1447,91
383,60	1464,30
383,81	1439,72
384,02	1390,57
384,23	1482,73
384,44	1425,39
384,64	1357,80
384,85	1417,19
385,06	1366,00
385,27	1449,96
385,48	1378,28
385,68	1406,95
385,89	1439,72
386,10	1374,19
386,31	1302,51
386,51	1464,30
386,72	1341,42
386,93	1378,28
387,14	1400,81
387,34	1345,52
387,55	1406,95
387,76	1390,57
387,97	1411,05
388,17	1439,72
388,38	1464,30
388,59	1458,15
388,80	1376,24
389,01	1464,30
389,21	1419,24
389,42	1415,15
389,63	1349,61
389,84	1251,31
390,04	1464,30
390,25	1357,80
390,46	1382,38
390,67	1378,28
390,87	1398,76
391,08	1419,24
391,29	1400,81
391,49	1427,43
391,70	1398,76
391,91	1349,61
392,12	1378,28
392,32	1357,80
392,53	1390,57
392,74	1400,81
392,95	1320,94
393,15	1460,20
393,36	1361,90
393,57	1359,85
393,78	1349,61
393,98	1361,90
394,19	1507,30
394,40	1556,46
394,60	1411,05
394,81	1488,87
395,02	1335,28
395,23	1439,72
395,43	1480,68
395,64	1480,68
395,85	1376,24
396,06	1382,38
396,26	1447,91
396,47	1366,00
396,68	1349,61
396,88	1406,95
397,09	1366,00
397,30	1415,15
397,50	1404,91
397,71	1357,80
397,92	1472,49
398,13	1376,24
398,33	1284,08
398,54	1406,95
398,75	1353,71
398,95	1447,91
399,16	1462,25
399,37	1392,62
399,57	1406,95
399,78	1415,15
399,99	1357,80
400,20	1484,78
400,40	1357,80
400,61	1325,04
400,82	1345,52
401,02	1421,29
401,23	1443,82
401,44	1308,65
401,64	1470,44
401,85	1425,39
402,06	1343,47
402,26	1439,72
402,47	1386,47
402,68	1531,88
402,88	1292,27
403,09	1556,46
403,30	1484,78
403,50	1318,89
403,71	1447,91
403,92	1341,42
404,12	1316,84
404,33	1505,26
404,54	1456,11
404,74	1540,07
404,95	1484,78
405,16	1472,49
405,36	1464,30
405,57	1390,57
405,78	1374,19
405,98	1333,23
406,19	1251,31
406,40	1476,59
406,60	1443,82
406,81	1374,19
407,02	1419,24
407,22	1374,19
407,43	1345,52
407,64	1409,00
407,84	1368,04
408,05	1351,66
408,26	1398,76
408,46	1476,59
408,67	1415,15
408,87	1327,08
409,08	1423,34
409,29	1474,54
409,49	1349,61
409,70	1366,00
409,91	1427,43
410,11	1335,28
410,32	1415,15
410,53	1349,61
410,73	1384,43
410,94	1349,61
411,14	1366,00
411,35	1384,43
411,56	1400,81
411,76	1431,53
411,97	1359,85
412,18	1427,43
412,38	1349,61
412,59	1378,28
412,79	1357,80
413,00	1476,59
413,21	1419,24
413,41	1378,28
413,62	1337,32
413,82	1378,28
414,03	1400,81
414,24	1497,07
414,44	1333,23
414,65	1429,48
414,86	1376,24
415,06	1472,49
415,27	1433,58
415,47	1613,80
415,68	1660,90
415,89	1884,13
416,09	1937,38
416,30	1863,65
416,50	1886,18
416,71	1806,31
416,92	1710,05
417,12	1644,52
417,33	1533,93
417,53	1447,91
417,74	1406,95
417,94	1501,16
418,15	1435,63
418,36	1474,54
418,56	1429,48
418,77	1595,37
418,97	1564,65
419,18	1714,15
419,39	1595,37
419,59	1791,97
419,80	1877,99
420,00	1974,24
420,21	1996,77
420,41	2088,93
420,62	2013,15
420,83	1775,59
421,03	1712,10
421,24	1564,65
421,44	1558,50
421,65	1574,89
421,85	1421,29
422,06	1304,56
422,27	1497,07
422,47	1370,09
422,68	1359,85
422,88	1423,34
423,09	1370,09
423,29	1415,15
423,50	1376,24
423,70	1409,00
423,91	1425,39
424,12	1359,85
424,32	1400,81
424,53	1366,00
424,73	1538,02
424,94	1378,28
425,14	1431,53
425,35	1513,45
425,55	1556,46
425,76	1554,41
425,96	1529,83
426,17	1611,75
426,37	1605,61
426,58	1583,08
426,79	1611,75
426,99	1701,86
427,20	1710,05
427,40	1669,09
427,61	1595,37
427,81	1624,04
428,02	1597,42
428,22	1472,49
428,43	1435,63
428,63	1423,34
428,84	1484,78
429,04	1333,23
429,25	1464,30
429,45	1499,11
429,66	1533,93
429,86	1456,11
430,07	1488,87
430,27	1517,54
430,48	1548,26
430,68	1472,49
430,89	1497,07
431,09	1357,80
431,30	1327,08
431,50	1490,92
431,71	1472,49
431,91	1427,43
432,12	1439,72
432,32	1480,68
432,53	1443,82
432,73	1378,28
432,94	1368,04
433,14	1525,74
433,35	1402,86
433,55	1595,37
433,76	1464,30
433,96	1531,88
434,17	1554,41
434,37	1456,11
434,58	1505,26
434,78	1529,83
434,99	1435,63
435,19	1452,01
435,40	1474,54
435,60	1449,96
435,81	1513,45
436,01	1374,19
436,22	1374,19
436,42	1380,33
436,63	1431,53
436,83	1398,76
437,04	1400,81
437,24	1417,19
437,45	1390,57
437,65	1435,63
437,86	1366,00
438,06	1384,43
438,26	1411,05
438,47	1366,00
438,67	1325,04
438,88	1368,04
439,08	1415,15
439,29	1523,69
439,49	1472,49
439,70	1400,81
439,90	1374,19
440,11	1447,91
440,31	1431,53
440,52	1357,80
440,72	1472,49
440,92	1376,24
441,13	1398,76
441,33	1472,49
441,54	1406,95
441,74	1384,43
441,95	1370,09
442,15	1460,20
442,36	1480,68
442,56	1382,38
442,76	1349,61
442,97	1286,12
443,17	1374,19
443,38	1466,35
443,58	1374,19
443,79	1341,42
443,99	1402,86
444,19	1406,95
444,40	1400,81
444,60	1318,89
444,81	1431,53
445,01	1394,67
445,22	1357,80
445,42	1349,61
445,62	1402,86
445,83	1400,81
446,03	1466,35
446,24	1406,95
446,44	1441,77
446,64	1329,13
446,85	1390,57
447,05	1361,90
447,26	1464,30
447,46	1351,66
447,67	1390,57
447,87	1398,76
448,07	1425,39
448,28	1400,81
448,48	1449,96
448,69	1400,81
448,89	1359,85
449,09	1374,19
449,30	1325,04
449,50	1374,19
449,71	1382,38
449,91	1492,97
450,11	1398,76
450,32	1431,53
450,52	1269,74
450,72	1402,86
450,93	1517,54
451,13	1490,92
451,34	1546,22
451,54	1439,72
451,74	1464,30
451,95	1515,50
452,15	1531,88
452,36	1415,15
452,56	1464,30
452,76	1460,20
452,97	1345,52
453,17	1382,38
453,37	1415,15
453,58	1447,91
453,78	1325,04
453,98	1415,15
454,19	1505,26
454,39	1325,04
454,60	1343,47
454,80	1425,39
455,00	1476,59
455,21	1361,90
455,41	1398,76
455,61	1415,15
455,82	1284,08
456,02	1390,57
456,22	1411,05
456,43	1368,04
456,63	1390,57
456,84	1374,19
457,04	1458,15
457,24	1392,62
457,45	1423,34
457,65	1329,13
457,85	1464,30
458,06	1423,34
458,26	1351,66
458,46	1382,38
458,67	1390,57
458,87	1474,54
459,07	1370,09
459,28	1411,05
459,48	1392,62
459,68	1361,90
459,89	1398,76
460,09	1398,76
460,29	1497,07
460,50	1320,94
460,70	1359,85
460,90	1472,49
461,11	1382,38
461,31	1447,91
461,51	1515,50
461,72	1427,43
461,92	1374,19
462,12	1406,95
462,32	1431,53
462,53	1433,58
462,73	1771,49
462,93	1368,04
463,14	1464,30
463,34	1392,62
463,54	1419,24
463,75	1556,46
463,95	1339,37
464,15	1517,54
464,36	1361,90
464,56	1466,35
464,76	1390,57
464,96	1384,43
465,17	1390,57
465,37	1361,90
465,57	1392,62
465,78	1374,19
465,98	1406,95
466,18	1378,28
466,39	1456,11
466,59	1361,90
466,79	1357,80
466,99	1335,28
467,20	1409,00
467,40	1366,00
467,60	1292,27
467,81	1349,61
468,01	1417,19
468,21	1400,81
468,41	1398,76
468,62	1488,87
468,82	1288,17
469,02	1439,72
469,22	1374,19
469,43	1423,34
469,63	1382,38
469,83	1390,57
470,04	1425,39
470,24	1431,53
470,44	1468,39
470,64	1417,19
470,85	1325,04
471,05	1353,71
471,25	1464,30
471,45	1359,85
471,66	1466,35
471,86	1441,77
472,06	1333,23
472,26	1480,68
472,47	1402,86
472,67	1384,43
472,87	1460,20
473,07	1464,30
473,28	1353,71
473,48	1333,23
473,68	1521,64
473,88	1464,30
474,09	1423,34
474,29	1482,73
474,49	1427,43
474,69	1392,62
474,90	1349,61
475,10	1382,38
475,30	1447,91
475,50	1392,62
475,70	1316,84
475,91	1374,19
476,11	1384,43
476,31	1523,69
476,51	1431,53
476,72	1406,95
476,92	1382,38
477,12	1449,96
477,32	1320,94
477,53	1468,39
477,73	1396,71
477,93	1343,47
478,13	1415,15
478,33	1382,38
478,54	1366,00
478,74	1429,48
478,94	1392,62
479,14	1433,58
479,34	1349,61
479,55	1406,95
479,75	1497,07
479,95	1406,95
480,15	1329,13
480,35	1427,43
480,56	1433,58
480,76	1411,05
480,96	1402,86
481,16	1390,57
481,36	1302,51
481,57	1333,23
481,77	1374,19
481,97	1382,38
482,17	1411,05
482,37	1378,28
482,58	1378,28
482,78	1415,15
482,98	1374,19
483,18	1423,34
483,38	1423,34
483,58	1427,43
483,79	1390,57
483,99	1419,24
484,19	1411,05
484,39	1419,24
484,59	1374,19
484,80	1415,15
485,00	1433,58
485,20	1349,61
485,40	1368,04
485,60	1425,39
485,80	1374,19
486,01	1388,52
486,21	1333,23
486,41	1480,68
486,61	1456,11
486,81	1374,19
487,01	1376,24
487,22	1456,11
487,42	1390,57
487,62	1409,00
487,82	1366,00
488,02	1384,43
488,22	1447,91
488,42	1466,35
488,63	1480,68
488,83	1406,95
489,03	1366,00
489,23	1505,26
489,43	1400,81
489,63	1501,16
489,83	1392,62
490,04	1390,57
490,24	1402,86
490,44	1431,53
490,64	1341,42
490,84	1349,61
491,04	1490,92
491,24	1378,28
491,44	1349,61
491,65	1472,49
491,85	1337,32
492,05	1447,91
492,25	1419,24
492,45	1400,81
492,65	1439,72
492,85	1400,81
493,05	1472,49
493,26	1447,91
493,46	1341,42
493,66	1406,95
493,86	1382,38
494,06	1368,04
494,26	1452,01
494,46	1374,19
494,66	1390,57
494,86	1337,32
495,07	1349,61
495,27	1406,95
495,47	1341,42
495,67	1394,67
495,87	1366,00
496,07	1302,51
496,27	1419,24
496,47	1433,58
496,67	1406,95
496,87	1474,54
497,08	1425,39
497,28	1439,72
497,48	1406,95
497,68	1427,43
497,88	1411,05
498,08	1374,19
498,28	1366,00
498,48	1378,28
498,68	1409,00
498,88	1349,61
499,08	1427,43
499,29	1409,00
499,49	1400,81
499,69	1333,23
499,89	1378,28
500,09	1275,88
500,29	1464,30
500,49	1466,35
500,69	1538,02
500,89	1384,43
501,09	1345,52
501,29	1374,19
501,49	1236,97
501,69	1370,09
501,89	1382,38
502,09	1490,92
502,30	1439,72
502,50	1540,07
502,70	1390,57
502,90	1402,86
503,10	1343,47
503,30	1335,28
503,50	1333,23
503,70	1325,04
503,90	1406,95
504,10	1366,00
504,30	1415,15
504,50	1368,04
504,70	1425,39
504,90	1310,70
505,10	1386,47
505,30	1406,95
505,50	1406,95
505,70	1458,15
505,90	1335,28
506,10	1439,72
506,30	1415,15
506,50	1472,49
506,70	1423,34
506,90	1464,30
507,11	1382,38
507,31	1441,77
507,51	1423,34
507,71	1400,81
507,91	1333,23
508,11	1460,20
508,31	1337,32
508,51	1349,61
508,71	1349,61
508,91	1376,24
509,11	1366,00
509,31	1400,81
509,51	1374,19
509,71	1431,53
509,91	1400,81
510,11	1353,71
510,31	1406,95
510,51	1441,77
510,71	1386,47
510,91	1359,85
511,11	1431,53
511,31	1452,01
511,51	1427,43
511,71	1409,00
511,91	1417,19
512,11	1398,76
512,31	1294,32
512,51	1349,61
512,71	1415,15
512,91	1404,91
513,11	1384,43
513,31	1382,38
513,51	1366,00
513,71	1480,68
513,91	1402,86
514,11	1456,11
514,31	1372,14
514,51	1529,83
514,71	1394,67
514,90	1316,84
515,10	1390,57
515,30	1376,24
515,50	1349,61
515,70	1456,11
515,90	1392,62
516,10	1466,35
516,30	1374,19
516,50	1425,39
516,70	1488,87
516,90	1415,15
517,10	1343,47
517,30	1415,15
517,50	1445,87
517,70	1366,00
517,90	1380,33
518,10	1439,72
518,30	1464,30
518,50	1337,32
518,70	1447,91
518,90	1423,34
519,10	1439,72
519,30	1521,64
519,50	1366,00
519,69	1464,30
519,89	1353,71
520,09	1425,39
520,29	1359,85
520,49	1456,11
520,69	1398,76
520,89	1366,00
521,09	1437,67
521,29	1738,73
521,49	1353,71
521,69	1449,96
521,89	1423,34
522,09	1443,82
522,29	1439,72
522,48	1533,93
522,68	1419,24
522,88	1476,59
523,08	1527,78
523,28	1452,01
523,48	1464,30
523,68	1382,38
523,88	1447,91
524,08	1382,38
524,28	1384,43
524,48	1423,34
524,68	1417,19
524,87	1409,00
525,07	1349,61
525,27	1478,63
525,47	1478,63
525,67	1398,76
525,87	1363,95
526,07	1464,30
526,27	1398,76
526,47	1359,85
526,67	1443,82
526,86	1259,50
527,06	1398,76
527,26	1423,34
527,46	1495,02
527,66	1382,38
527,86	1343,47
528,06	1384,43
528,26	1435,63
528,46	1398,76
528,65	1423,34
528,85	1380,33
529,05	1366,00
529,25	1382,38
529,45	1384,43
529,65	1411,05
529,85	1386,47
530,05	1398,76
530,24	1449,96
530,44	1386,47
530,64	1384,43
530,84	1380,33
531,04	1394,67
531,24	1386,47
531,44	1472,49
531,63	1378,28
531,83	1513,45
532,03	1492,97
532,23	1423,34
532,43	1460,20
532,63	1374,19
532,83	1382,38
533,02	1449,96
533,22	1390,57
533,42	1497,07
533,62	1382,38
533,82	1310,70
534,02	1341,42
534,22	1394,67
534,41	1366,00
534,61	1425,39
534,81	1413,10
535,01	1400,81
535,21	1460,20
535,41	1423,34
535,60	1415,15
535,80	1366,00
536,00	1372,14
536,20	1345,52
536,40	1394,67
536,60	1398,76
536,79	1460,20
536,99	1392,62
537,19	1517,54
537,39	1468,39
537,59	1388,52
537,78	1378,28
537,98	1456,11
538,18	1347,56
538,38	1515,50
538,58	1353,71
538,77	1431,53
538,97	1236,97
539,17	1456,11
539,37	1294,32
539,57	1347,56
539,77	1406,95
539,96	1398,76
540,16	1366,00
540,36	1445,87
540,56	1361,90
540,76	1366,00
540,95	1474,54
541,15	1423,34
541,35	1415,15
541,55	1447,91
541,74	1398,76
541,94	1454,06
542,14	1406,95
542,34	1497,07
542,54	1351,66
542,73	1423,34
542,93	1366,00
543,13	1388,52
543,33	1400,81
543,53	1366,00
543,72	1394,67
543,92	1464,30
544,12	1400,81
544,32	1505,26
544,51	1417,19
544,71	1427,43
544,91	1474,54
545,11	1415,15
545,30	1513,45
545,50	1431,53
545,70	1458,15
545,90	1447,91
546,10	1359,85
546,29	1427,43
546,49	1472,49
546,69	1431,53
546,89	1329,13
547,08	1492,97
547,28	1415,15
547,48	1409,00
547,68	1433,58
547,87	1409,00
548,07	1380,33
548,27	1406,95
548,47	1382,38
548,66	1441,77
548,86	1449,96
549,06	1415,15
549,25	1337,32
549,45	1456,11
549,65	1456,11
549,85	1513,45
550,04	1417,19
550,24	1415,15
550,44	1423,34
550,64	1452,01
550,83	1425,39
551,03	1439,72
551,23	1351,66
551,43	1439,72
551,62	1452,01
551,82	1431,53
552,02	1406,95
552,21	1374,19
552,41	1392,62
552,61	1415,15
552,81	1406,95
553,00	1374,19
553,20	1359,85
553,40	1439,72
553,59	1386,47
553,79	1427,43
553,99	1449,96
554,18	1443,82
554,38	1390,57
554,58	1384,43
554,78	1415,15
554,97	1378,28
555,17	1400,81
555,37	1449,96
555,56	1382,38
555,76	1427,43
555,96	1546,22
556,15	1449,96
556,35	1456,11
556,55	1423,34
556,74	1431,53
556,94	1517,54
557,14	1357,80
557,34	1318,89
557,53	1509,35
557,73	1443,82
557,93	1384,43
558,12	1400,81
558,32	1488,87
558,52	1464,30
558,71	1400,81
558,91	1341,42
559,11	1490,92
559,30	1343,47
559,50	1390,57
559,70	1431,53
559,89	1337,32
560,09	1390,57
560,29	1392,62
560,48	1505,26
560,68	1400,81
560,88	1521,64
561,07	1427,43
561,27	1460,20
561,46	1513,45
561,66	1431,53
561,86	1425,39
562,05	1490,92
562,25	1427,43
562,45	1419,24
562,64	1329,13
562,84	1497,07
563,04	1505,26
563,23	1447,91
563,43	1361,90
563,63	1458,15
563,82	1411,05
564,02	1443,82
564,21	1394,67
564,41	1400,81
564,61	1456,11
564,80	1476,59
565,00	1484,78
565,20	1460,20
565,39	1447,91
565,59	1431,53
565,78	1411,05
565,98	1531,88
566,18	1415,15
566,37	1431,53
566,57	1349,61
566,77	1439,72
566,96	1374,19
567,16	1398,76
567,35	1417,19
567,55	1474,54
567,75	1386,47
567,94	1341,42
568,14	1435,63
568,33	1425,39
568,53	1394,67
568,73	1482,73
568,92	1382,38
569,12	1425,39
569,31	1415,15
569,51	1366,00
569,71	1474,54
569,90	1431,53
570,10	1464,30
570,29	1480,68
570,49	1394,67
570,69	1513,45
570,88	1337,32
571,08	1390,57
571,27	1402,86
571,47	1456,11
571,66	1316,84
571,86	1374,19
572,06	1294,32
572,25	1382,38
572,45	1378,28
572,64	1374,19
572,84	1349,61
573,03	1384,43
573,23	1431,53
573,43	1423,34
573,62	1382,38
573,82	1427,43
574,01	1400,81
574,21	1374,19
574,40	1470,44
574,60	1341,42
574,79	1423,34
574,99	1431,53
575,19	1312,75
575,38	1382,38
575,58	1386,47
575,77	1460,20
575,97	1431,53
576,16	1425,39
576,36	1339,37
576,55	1456,11
576,75	1366,00
576,94	1417,19
577,14	1341,42
577,34	1415,15
577,53	1423,34
577,73	1308,65
577,92	1325,04
578,12	1507,30
578,31	1384,43
578,51	1415,15
578,70	1382,38
578,90	1488,87
579,09	1437,67
579,29	1443,82
579,48	1392,62
579,68	1366,00
579,87	1390,57
580,07	1374,19
580,26	1327,08
580,46	1345,52
580,65	1382,38
580,85	1443,82
581,04	1486,83
581,24	1384,43
581,43	1466,35
581,63	1320,94
581,82	1400,81
582,02	1394,67
582,21	1374,19
582,41	1456,11
582,60	1357,80
582,80	1458,15
582,99	1474,54
583,19	1417,19
583,38	1415,15
583,58	1316,84
583,77	1431,53
583,97	1398,76
584,16	1411,05
584,36	1398,76
584,55	1390,57
584,75	1333,23
584,94	1392,62
585,14	1415,15
585,33	1320,94
585,53	1478,63
585,72	1361,90
585,92	1513,45
586,11	1390,57
586,31	1366,00
586,50	1439,72
586,70	1460,20
586,89	1431,53
587,09	1361,90
587,28	1308,65
587,47	1474,54
587,67	1464,30
587,86	1415,15
588,06	1441,77
588,25	1452,01
588,45	1374,19
588,64	1382,38
588,84	1359,85
589,03	1447,91
589,23	1488,87
589,42	1456,11
589,61	1380,33
589,81	1472,49
590,00	1392,62
590,20	1400,81
590,39	1394,67
590,59	1447,91
590,78	1447,91
590,98	1425,39
591,17	1415,15
591,36	1435,63
591,56	1409,00
591,75	1581,03
591,95	1419,24
592,14	1456,11
592,34	1417,19
592,53	1488,87
592,72	1419,24
592,92	1474,54
593,11	1480,68
593,31	1439,72
593,50	1406,95
593,69	1474,54
593,89	1406,95
594,08	1349,61
594,28	1447,91
594,47	1341,42
594,67	1447,91
594,86	1417,19
595,05	1466,35
595,25	1474,54
595,44	1361,90
595,64	1447,91
595,83	1497,07
596,02	1431,53
596,22	1425,39
596,41	1415,15
596,61	1421,29
596,80	1349,61
596,99	1345,52
597,19	1329,13
597,38	1359,85
597,58	1497,07
597,77	1456,11
597,96	1376,24
598,16	1443,82
598,35	1480,68
598,54	1392,62
598,74	1333,23
598,93	1456,11
599,13	1382,38
599,32	1335,28
599,51	1325,04
599,71	1472,49
599,90	1427,43
600,09	1376,24
600,29	1431,53
600,48	1492,97
600,68	1431,53
600,87	1521,64
601,06	1554,41
601,26	1302,51
601,45	1409,00
601,64	1357,80
601,84	1441,77
602,03	1431,53
602,22	1480,68
602,42	1400,81
602,61	1472,49
602,80	1488,87
603,00	1548,26
603,19	1529,83
603,38	1640,42
603,58	1554,41
603,77	1613,80
603,96	1529,83
604,16	1554,41
604,35	1587,18
604,54	1583,08
604,74	1538,02
604,93	1554,41
605,12	1458,15
605,32	1468,39
605,51	1476,59
605,70	1431,53
605,90	1497,07
606,09	1472,49
606,28	1398,76
606,48	1488,87
606,67	1472,49
606,86	1439,72
607,06	1431,53
607,25	1443,82
607,44	1380,33
607,64	1329,13
607,83	1411,05
608,02	1329,13
608,22	1431,53
608,41	1409,00
608,60	1341,42
608,79	1388,52
608,99	1308,65
609,18	1619,94
609,37	1382,38
609,57	1402,86
609,76	1333,23
609,95	1423,34
610,15	1411,05
610,34	1456,11
610,53	1374,19
610,72	1540,07
610,92	1452,01
611,11	1431,53
611,30	1456,11
611,50	1488,87
611,69	1406,95
611,88	1409,00
612,07	1490,92
612,27	1378,28
612,46	1390,57
612,65	1341,42
612,84	1386,47
613,04	1398,76
613,23	1398,76
613,42	1409,00
613,62	1517,54
613,81	1411,05
614,00	1464,30
614,19	1386,47
614,39	1431,53
614,58	1538,02
614,77	1497,07
614,96	1513,45
615,16	1449,96
615,35	1490,92
615,54	1366,00
615,73	1374,19
615,93	1415,15
616,12	1570,79
616,31	1390,57
616,50	1409,00
616,70	1402,86
616,89	1441,77
617,08	1507,30
617,27	1423,34
617,47	1497,07
617,66	1464,30
617,85	1452,01
618,04	1376,24
618,23	1439,72
618,43	1398,76
618,62	1415,15
618,81	1458,15
619,00	1415,15
619,20	1443,82
619,39	1382,38
619,58	1554,41
619,77	1351,66
619,96	1433,58
620,16	1329,13
620,35	1415,15
620,54	1357,80
620,73	1488,87
620,93	1486,83
621,12	1472,49
621,31	1439,72
621,50	1492,97
621,69	1415,15
621,89	1398,76
622,08	1431,53
622,27	1341,42
622,46	1433,58
622,65	1415,15
622,85	1355,76
623,04	1472,49
623,23	1390,57
623,42	1325,04
623,61	1357,80
623,81	1427,43
624,00	1382,38
624,19	1402,86
624,38	1478,63
624,57	1415,15
624,76	1449,96
624,96	1333,23
625,15	1361,90
625,34	1351,66
625,53	1497,07
625,72	1318,89
625,91	1406,95
626,11	1400,81
626,30	1325,04
626,49	1456,11
626,68	1357,80
626,87	1398,76
627,06	1431,53
627,26	1349,61
627,45	1431,53
627,64	1394,67
627,83	1374,19
628,02	1423,34
628,21	1468,39
628,41	1398,76
628,60	1376,24
628,79	1325,04
628,98	1400,81
629,17	1406,95
629,36	1357,80
629,55	1474,54
629,75	1390,57
629,94	1439,72
630,13	1417,19
630,32	1474,54
630,51	1476,59
630,70	1382,38
630,89	1464,30
631,09	1415,15
631,28	1488,87
631,47	1482,73
631,66	1363,95
631,85	1423,34
632,04	1423,34
632,23	1351,66
632,42	1456,11
632,62	1439,72
632,81	1337,32
633,00	1468,39
633,19	1302,51
633,38	1415,15
633,57	1431,53
633,76	1499,11
633,95	1310,70
634,14	1341,42
634,34	1400,81
634,53	1398,76
634,72	1406,95
634,91	1472,49
635,10	1382,38
635,29	1474,54
635,48	1488,87
635,67	1357,80
635,86	1435,63
636,05	1425,39
636,24	1413,10
636,44	1472,49
636,63	1423,34
636,82	1392,62
637,01	1484,78
637,20	1507,30
637,39	1406,95
637,58	1439,72
637,77	1378,28
637,96	1505,26
638,15	1411,05
638,34	1441,77
638,53	1423,34
638,73	1413,10
638,92	1415,15
639,11	1513,45
639,30	1357,80
639,49	1382,38
639,68	1308,65
639,87	1439,72
640,06	1382,38
640,25	1456,11
640,44	1370,09
640,63	1488,87
640,82	1447,91
641,01	1468,39
641,20	1464,30
641,39	1482,73
641,58	1529,83
641,77	1611,75
641,96	1546,22
642,16	1499,11
642,35	1599,46
642,54	1566,70
642,73	1476,59
642,92	1578,98
643,11	1521,64
643,30	1474,54
643,49	1415,15
643,68	1472,49
643,87	1394,67
644,06	1431,53
644,25	1406,95
644,44	1390,57
644,63	1460,20
644,82	1341,42
645,01	1386,47
645,20	1374,19
645,39	1409,00
645,58	1353,71
645,77	1406,95
645,96	1445,87
646,15	1376,24
646,34	1415,15
646,53	1417,19
646,72	1460,20
646,91	1400,81
647,10	1423,34
647,29	1406,95
647,48	1490,92
647,67	1406,95
647,86	1392,62
648,05	1382,38
648,24	1417,19
648,43	1497,07
648,62	1458,15
648,81	1409,00
649,00	1292,27
649,19	1456,11
649,38	1327,08
649,57	1390,57
649,76	1433,58
649,95	1466,35
650,14	1480,68
650,33	1411,05
650,52	1456,11
650,71	1333,23
650,90	1398,76
651,09	1392,62
651,28	1300,46
651,47	1370,09
651,66	1427,43
651,85	1386,47
652,04	1374,19
652,23	1318,89
652,42	1394,67
652,61	1368,04
652,80	1501,16
652,99	1394,67
653,17	1421,29
653,36	1415,15
653,55	1417,19
653,74	1302,51
653,93	1409,00
654,12	1406,95
654,31	1398,76
654,50	1464,30
654,69	1456,11
654,88	1464,30
655,07	1341,42
655,26	1409,00
655,45	1406,95
655,64	1411,05
655,83	1439,72
656,02	1456,11
656,21	1464,30
656,39	1437,67
656,58	1435,63
656,77	1243,12
656,96	1370,09
657,15	1413,10
657,34	1456,11
657,53	1415,15
657,72	1415,15
657,91	1374,19
658,10	1425,39
658,29	1368,04
658,48	1456,11
658,67	1390,57
658,85	1349,61
659,04	1406,95
659,23	1368,04
659,42	1400,81
659,61	1417,19
659,80	1458,15
659,99	1460,20
660,18	1423,34
660,37	1456,11
660,56	1521,64
660,74	1443,82
660,93	1415,15
661,12	1456,11
661,31	1419,24
661,50	1452,01
661,69	1382,38
661,88	1351,66
662,07	1433,58
662,26	1488,87
662,44	1400,81
662,63	1521,64
662,82	1386,47
663,01	1384,43
663,20	1318,89
663,39	1382,38
663,58	1415,15
663,77	1378,28
663,95	1431,53
664,14	1415,15
664,33	1427,43
664,52	1335,28
664,71	1466,35
664,90	1464,30
665,09	1361,90
665,27	1529,83
665,46	1327,08
665,65	1464,30
665,84	1447,91
666,03	1384,43
666,22	1435,63
666,41	1505,26
666,59	1392,62
666,78	1357,80
666,97	1406,95
667,16	1488,87
667,35	1566,70
667,54	1669,09
667,72	1742,82
667,91	1710,05
668,10	1730,53
668,29	1681,38
668,48	1630,18
668,67	1628,14
668,85	1554,41
669,04	1556,46
669,23	1439,72
669,42	1400,81
669,61	1505,26
669,80	1480,68
669,98	1409,00
670,17	1456,11
670,36	1398,76
670,55	1456,11
670,74	1325,04
670,92	1394,67
671,11	1435,63
671,30	1409,00
671,49	1468,39
671,68	1456,11
671,86	1378,28
672,05	1533,93
672,24	1466,35
672,43	1449,96
672,62	1435,63
672,80	1374,19
672,99	1421,29
673,18	1482,73
673,37	1343,47
673,56	1419,24
673,74	1382,38
673,93	1447,91
674,12	1431,53
674,31	1374,19
674,50	1423,34
674,68	1447,91
674,87	1505,26
675,06	1669,09
675,25	1574,89
675,43	1726,44
675,62	1746,92
675,81	1611,75
676,00	1679,33
676,19	1599,46
676,37	1499,11
676,56	1572,84
676,75	1595,37
676,94	1476,59
677,12	1488,87
677,31	1472,49
677,50	1419,24
677,69	1390,57
677,87	1357,80
678,06	1415,15
678,25	1370,09
678,44	1439,72
678,62	1370,09
678,81	1382,38
679,00	1411,05
679,19	1349,61
679,37	1409,00
679,56	1409,00
679,75	1427,43
679,94	1398,76
680,12	1458,15
680,31	1415,15
680,50	1456,11
680,68	1456,11
680,87	1406,95
681,06	1497,07
681,25	1466,35
681,43	1439,72
681,62	1447,91
681,81	1452,01
682,00	1394,67
682,18	1400,81
682,37	1349,61
682,56	1341,42
682,74	1439,72
682,93	1515,50
683,12	1431,53
683,31	1390,57
683,49	1398,76
683,68	1366,00
683,87	1402,86
684,05	1398,76
684,24	1447,91
684,43	1368,04
684,61	1406,95
684,80	1318,89
684,99	1370,09
685,18	1390,57
685,36	1368,04
685,55	1406,95
685,74	1447,91
685,92	1456,11
686,11	1357,80
686,30	1376,24
686,48	1464,30
686,67	1482,73
686,86	1529,83
687,04	1587,18
687,23	1632,23
687,42	1730,53
687,60	1697,77
687,79	1628,14
687,98	1529,83
688,16	1572,84
688,35	1556,46
688,54	1728,49
688,72	1974,24
688,91	1468,39
689,10	1505,26
689,28	1452,01
689,47	1533,93
689,66	1564,65
689,84	1400,81
690,03	1398,76
690,22	1456,11
690,40	1464,30
690,59	1431,53
690,78	1394,67
690,96	1433,58
691,15	1353,71
691,34	1460,20
691,52	1439,72
691,71	1351,66
691,89	1480,68
692,08	1411,05
692,27	1431,53
692,45	1488,87
692,64	1425,39
692,83	1370,09
693,01	1423,34
693,20	1466,35
693,38	1464,30
693,57	1472,49
693,76	1515,50
693,94	1644,52
694,13	1611,75
694,32	1456,11
694,50	1570,79
694,69	1529,83
694,87	1574,89
695,06	1570,79
695,25	1531,88
695,43	1693,67
695,62	2004,96
695,80	3782,60
695,99	6469,53
696,18	10704,73
696,36	15261,46
696,55	19125,98
696,73	21157,57
696,92	20551,37
697,11	18018,03
697,29	15316,76
697,48	13352,76
697,66	11607,89
697,85	9983,85
698,04	8656,76
698,22	7362,45
698,41	6322,08
698,59	5236,66
698,78	4251,58
698,96	3573,71
699,15	2891,73
699,34	2334,68
699,52	2037,73
699,71	1753,06
699,89	1718,25
700,08	1615,85
700,26	1578,98
700,45	1611,75
700,64	1490,92
700,82	1441,77
701,01	1533,93
701,19	1529,83
701,38	1566,70
701,56	1406,95
701,75	1404,91
701,93	1417,19
702,12	1435,63
702,31	1452,01
702,49	1546,22
702,68	1621,99
702,86	1617,90
703,05	1611,75
703,23	1701,86
703,42	1759,21
703,60	1562,60
703,79	1566,70
703,97	1449,96
704,16	1605,61
704,34	1587,18
704,53	1562,60
704,72	1466,35
704,90	1578,98
705,09	1546,22
705,27	1415,15
705,46	1554,41
705,64	1603,56
705,83	2015,20
706,01	3317,71
706,20	5527,47
706,38	8593,28
706,57	12083,02
706,75	14915,36
706,94	15578,90
707,12	14870,30
707,31	13262,65
707,49	11425,62
707,68	9959,27
707,86	8533,89
708,05	7665,55
708,23	6662,04
708,42	5877,67
708,60	5003,19
708,79	4267,97
708,97	3610,57
709,16	3178,45
709,34	2504,67
709,53	2097,12
709,71	1974,24
709,90	1779,68
710,08	1646,57
710,27	1542,12
710,45	1513,45
710,64	1554,41
710,82	1583,08
711,00	1763,30
711,19	1507,30
711,37	1472,49
711,56	1439,72
711,74	1464,30
711,93	1456,11
712,11	1427,43
712,30	1474,54
712,48	1486,83
712,67	1476,59
712,85	1423,34
713,04	1456,11
713,22	1529,83
713,40	1417,19
713,59	1398,76
713,77	1476,59
713,96	1726,44
714,14	2029,54
714,33	2349,02
714,51	2879,44
714,70	3274,70
714,88	3590,09
715,06	3561,42
715,25	3241,93
715,43	3053,52
715,62	2717,65
715,80	2537,43
715,99	2455,51
716,17	2258,91
716,35	2056,16
716,54	2037,73
716,72	1910,75
716,91	1751,01
717,09	1810,40
717,28	1619,94
717,46	1603,56
717,64	1554,41
717,83	1443,82
718,01	1341,42
718,20	1406,95
718,38	1378,28
718,56	1374,19
718,75	1437,67
718,93	1488,87
719,12	1388,52
719,30	1384,43
719,48	1398,76
719,67	1474,54
719,85	1439,72
720,04	1476,59
720,22	1374,19
720,40	1402,86
720,59	1509,35
720,77	1507,30
720,96	1531,88
721,14	1497,07
721,32	1499,11
721,51	1482,73
721,69	1411,05
721,87	1464,30
722,06	1521,64
722,24	1456,11
722,43	1525,74
722,61	1423,34
722,79	1480,68
722,98	1452,01
723,16	1476,59
723,34	1447,91
723,53	1374,19
723,71	1556,46
723,90	1509,35
724,08	1417,19
724,26	1423,34
724,45	1499,11
724,63	1474,54
724,81	1400,81
725,00	1460,20
725,18	1456,11
725,36	1431,53
725,55	1484,78
725,73	1409,00
725,91	1447,91
726,10	1384,43
726,28	1546,22
726,46	1710,05
726,65	2400,22
726,83	3227,60
727,01	4374,46
727,20	5382,06
727,38	6193,06
727,56	6387,61
727,75	5957,54
727,93	5298,10
728,11	4753,34
728,30	4194,24
728,48	3944,39
728,66	3629,00
728,85	3157,97
729,03	2959,31
729,21	2602,97
729,40	2408,41
729,58	2142,18
729,76	1890,28
729,94	1794,02
730,13	1718,25
730,31	1615,85
730,49	1464,30
730,68	1513,45
730,86	1482,73
731,04	1517,54
731,23	1488,87
731,41	1439,72
731,59	1480,68
731,77	1615,85
731,96	1488,87
732,14	1517,54
732,32	1456,11
732,51	1439,72
732,69	1368,04
732,87	1431,53
733,05	1490,92
733,24	1464,30
733,42	1538,02
733,60	1417,19
733,79	1492,97
733,97	1454,06
734,15	1488,87
734,33	1540,07
734,52	1464,30
734,70	1564,65
734,88	1597,42
735,06	1523,69
735,25	1597,42
735,43	1638,38
735,61	1517,54
735,79	1466,35
735,98	1603,56
736,16	1865,70
736,34	1538,02
736,52	1605,61
736,71	1648,61
736,89	1677,29
737,07	1828,84
737,25	1988,58
737,44	2324,44
737,62	3790,79
737,80	7047,06
737,98	10737,50
738,17	15372,05
738,35	19824,34
738,53	22648,49
738,71	21837,49
738,89	20641,48
739,08	18044,65
739,26	15965,96
739,44	13555,51
739,62	11947,85
739,81	10241,89
739,99	8363,90
740,17	6897,56
740,35	5298,10
740,53	4560,83
740,72	3725,26
740,90	3209,17
741,08	2791,38
741,26	2389,98
741,44	2088,93
741,63	1875,94
741,81	1820,64
741,99	1705,96
742,17	1597,42
742,35	1595,37
742,54	1466,35
742,72	1546,22
742,90	1546,22
743,08	1566,70
743,26	1538,02
743,45	1636,33
743,63	1552,36
743,81	1628,14
743,99	1556,46
744,17	1509,35
744,35	1521,64
744,54	1562,60
744,72	1562,60
744,90	1554,41
745,08	1466,35
745,26	1439,72
745,44	1509,35
745,63	1509,35
745,81	1484,78
745,99	1578,98
746,17	1423,34
746,35	1538,02
746,53	1505,26
746,72	1505,26
746,90	1562,60
747,08	1609,70
747,26	1611,75
747,44	1636,33
747,62	1632,23
747,81	1578,98
747,99	1538,02
748,17	1521,64
748,35	1669,09
748,53	1650,66
748,71	1540,07
748,89	1621,99
749,07	1665,00
749,26	1742,82
749,44	2275,29
749,62	4194,24
749,80	7690,12
749,98	12164,93
750,16	17585,91
750,34	22568,62
750,52	25906,80
750,71	27182,69
750,89	29152,84
751,07	30481,97
751,25	32943,63
751,43	35098,09
751,61	35014,12
751,79	32085,53
751,97	28085,84
752,15	24004,24
752,34	20356,81
752,52	17313,53
752,70	14139,18
752,88	11765,58
753,06	9269,11
753,24	7264,15
753,42	5736,36
753,60	4683,70
753,78	4048,83
753,96	3770,31
754,15	3143,63
754,33	2875,35
754,51	2422,75
754,69	2111,46
754,87	1980,39
755,05	1744,87
755,23	1681,38
755,41	1615,85
755,59	1669,09
755,77	1538,02
755,95	1550,31
756,13	1603,56
756,31	1546,22
756,50	1476,59
756,68	1583,08
756,86	1640,42
757,04	1488,87
757,22	1675,24
757,40	1548,26
757,58	1538,02
757,76	1554,41
757,94	1558,50
758,12	1597,42
758,30	1538,02
758,48	1435,63
758,66	1468,39
758,84	1570,79
759,02	1507,30
759,20	1531,88
759,38	1492,97
759,56	1570,79
759,74	1656,81
759,92	1521,64
760,10	1574,89
760,28	1578,98
760,47	1587,18
760,65	1646,57
760,83	1621,99
761,01	1554,41
761,19	1628,14
761,37	1681,38
761,55	1615,85
761,73	1578,98
761,91	1751,01
762,09	1677,29
762,27	1882,08
762,45	2752,47
762,63	5963,68
762,81	14614,30
762,99	28450,38
763,17	45428,04
763,35	62671,94
763,53	65535,00
763,71	65535,00
763,89	65535,00
764,07	65535,00
764,25	65535,00
764,43	65535,00
764,61	50900,22
764,79	32357,91
764,97	23447,19
765,15	18218,73
765,33	14161,70
765,51	11712,33
765,69	9891,69
765,87	8755,07
766,05	7620,49
766,23	6553,50
766,41	5375,92
766,58	4347,84
766,76	3375,05
766,94	2832,34
767,12	2308,06
767,30	2090,98
767,48	1824,74
767,66	1853,41
767,84	1718,25
768,02	1701,86
768,20	1677,29
768,38	1718,25
768,56	1611,75
768,74	1605,61
768,92	1558,50
769,10	1636,33
769,28	1611,75
769,46	1572,84
769,64	1681,38
769,82	1628,14
770,00	1599,46
770,18	1619,94
770,36	1644,52
770,53	1578,98
770,71	1611,75
770,89	1611,75
771,07	1605,61
771,25	1759,21
771,43	2498,52
771,61	4732,86
771,79	9115,51
771,97	15697,68
772,15	23078,56
772,33	30389,81
772,51	35282,41
772,69	35022,31
772,86	32747,02
773,04	28501,58
773,22	23553,69
773,40	18325,22
773,58	13590,32
773,76	10377,06
773,94	8116,10
774,12	6723,48
774,30	5490,60
774,48	4949,94
774,65	4466,62
774,83	3995,59
775,01	3766,21
775,19	3418,06
775,37	2793,43
775,55	2529,24
775,73	2205,66
775,91	1935,33
776,09	1863,65
776,26	1587,18
776,44	1644,52
776,62	1597,42
776,80	1595,37
776,98	1490,92
777,16	1474,54
777,34	1505,26
777,52	1480,68
777,69	1628,14
777,87	1488,87
778,05	1443,82
778,23	1464,30
778,41	1482,73
778,59	1538,02
778,77	1449,96
778,94	1452,01
779,12	1382,38
779,30	1505,26
779,48	1556,46
779,66	1423,34
779,84	1488,87
780,02	1472,49
780,19	1482,73
780,37	1415,15
780,55	1472,49
780,73	1456,11
780,91	1505,26
781,09	1533,93
781,26	1564,65
781,44	1497,07
781,62	1361,90
781,80	1476,59
781,98	1441,77
782,16	1488,87
782,33	1462,25
782,51	1517,54
782,69	1447,91
782,87	1415,15
783,05	1456,11
783,22	1587,18
783,40	1423,34
783,58	1497,07
783,76	1490,92
783,94	1574,89
784,12	1474,54
784,29	1474,54
784,47	1409,00
784,65	1439,72
784,83	1476,59
785,01	1476,59
785,18	1466,35
785,36	1466,35
785,54	1521,64
785,72	1452,01
785,89	1525,74
786,07	1488,87
786,25	1431,53
786,43	1464,30
786,61	1384,43
786,78	1378,28
786,96	1521,64
787,14	1562,60
787,32	1472,49
787,49	1447,91
787,67	1458,15
787,85	1478,63
788,03	1464,30
788,21	1531,88
788,38	1464,30
788,56	1466,35
788,74	1378,28
788,92	1546,22
789,09	1523,69
789,27	1509,35
789,45	1476,59
789,63	1443,82
789,80	1376,24
789,98	1406,95
790,16	1558,50
790,34	1398,76
790,51	1406,95
790,69	1458,15
790,87	1402,86
791,05	1439,72
791,22	1501,16
791,40	1456,11
791,58	1374,19
791,76	1591,27
791,93	1646,57
792,11	1425,39
792,29	1449,96
792,46	1443,82
792,64	1548,26
792,82	1540,07
793,00	1474,54
793,17	1513,45
793,35	1505,26
793,53	1646,57
793,70	1775,59
793,88	2342,88
794,06	3868,61
794,24	7053,20
794,41	11016,02
794,59	15384,34
794,77	19576,53
794,94	21485,24
795,12	20002,51
795,30	17090,30
795,47	13633,33
795,65	10590,05
795,83	8198,02
796,01	6543,26
796,18	5527,47
796,36	4790,20
796,54	4366,27
796,71	4038,59
796,89	3579,85
797,07	3366,86
797,24	3151,82
797,42	3162,06
797,60	2899,92
797,77	2582,49
797,95	2416,60
798,13	2078,69
798,30	1982,43
798,48	1785,83
798,66	1808,36
798,83	1804,26
799,01	1677,29
799,19	1636,33
799,36	1710,05
799,54	1853,41
799,72	2369,50
799,89	3852,23
800,07	6199,20
800,25	9135,99
800,42	12851,00
800,60	16348,93
800,78	19728,08
800,95	22523,56
801,13	25251,45
801,30	27405,92
801,48	29177,41
801,66	29038,15
801,83	25454,20
802,01	20780,74
802,19	16242,44
802,36	12635,97
802,54	10250,08
802,72	8374,14
802,89	7370,64
803,07	6418,33
803,24	5834,66
803,42	5146,55
803,60	4716,47
803,77	4249,54
803,95	3874,76
804,12	3569,61
804,30	3309,52
804,48	2967,51
804,65	2607,06
804,83	2336,73
805,01	2144,22
805,18	1964,00
805,36	1802,21
805,53	1697,77
805,71	1759,21
805,88	1619,94
806,06	1636,33
806,24	1560,55
806,41	1558,50
806,59	1525,74
806,76	1515,50
806,94	1570,79
807,12	1505,26
807,29	1587,18
807,47	1581,03
807,64	1665,00
807,82	1662,95
807,99	1513,45
808,17	1621,99
808,35	1546,22
808,52	1597,42
808,70	1644,52
808,87	1597,42
809,05	1644,52
809,22	1808,36
809,40	2172,89
809,58	3604,42
809,75	6234,02
809,93	10033,00
810,10	14833,44
810,28	19015,39
810,45	22005,42
810,63	22791,84
810,80	25089,67
810,98	29965,88
811,15	37692,86
811,33	46525,75
811,51	53214,42
811,68	55286,96
811,86	50447,61
812,03	41946,50
812,21	33316,36
812,38	25765,49
812,56	20455,11
812,73	16758,53
812,91	14239,53
813,08	12478,27
813,26	11077,46
813,43	9811,82
813,61	8791,93
813,78	7907,21
813,96	7022,48
814,13	6240,16
814,31	5760,94
814,48	5207,98
814,66	4552,63
814,83	4005,83
815,01	3463,12
815,18	2811,86
815,36	2383,84
815,53	2052,06
815,71	1882,08
815,88	1826,79
816,06	1685,48
816,23	1646,57
816,41	1439,72
816,58	1558,50
816,76	1728,49
816,93	1546,22
817,11	1548,26
817,28	1521,64
817,46	1501,16
817,63	1484,78
817,81	1578,98
817,98	1513,45
818,16	1458,15
818,33	1533,93
818,51	1570,79
818,68	1425,39
818,86	1578,98
819,03	1513,45
819,21	1464,30
819,38	1533,93
819,55	1490,92
819,73	1439,72
819,90	1466,35
820,08	1468,39
820,25	1505,26
820,43	1574,89
820,60	1443,82
820,78	1439,72
820,95	1431,53
821,12	1374,19
821,30	1452,01
821,47	1406,95
821,65	1529,83
821,82	1460,20
822,00	1454,06
822,17	1466,35
822,35	1464,30
822,52	1472,49
822,69	1476,59
822,87	1480,68
823,04	1460,20
823,22	1368,04
823,39	1462,25
823,56	1423,34
823,74	1492,97
823,91	1472,49
824,09	1499,11
824,26	1492,97
824,44	1443,82
824,61	1570,79
824,78	1472,49
824,96	1464,30
825,13	1570,79
825,31	1497,07
825,48	2080,74
825,65	2971,60
825,83	4523,96
826,00	6627,23
826,18	8796,03
826,35	10950,49
826,52	11886,41
826,70	10977,11
826,87	9607,02
827,04	7985,03
827,22	6559,64
827,39	5537,71
827,57	4863,93
827,74	4308,93
827,91	3753,93
828,09	3678,15
828,26	3225,55
828,43	3184,59
828,61	2891,73
828,78	2664,41
828,96	2611,16
829,13	2365,40
829,30	2273,25
829,48	2340,83
829,65	2176,99
829,82	1988,58
830,00	1865,70
830,17	1712,10
830,34	1710,05
830,52	1497,07
830,69	1499,11
830,86	1476,59
831,04	1476,59
831,21	1525,74
831,38	1445,87
831,56	1513,45
831,73	1452,01
831,90	1417,19
832,08	1384,43
832,25	1464,30
832,42	1384,43
832,60	1464,30
832,77	1447,91
832,94	1439,72
833,12	1472,49
833,29	1406,95
833,46	1390,57
833,64	1505,26
833,81	1384,43
833,98	1449,96
834,16	1390,57
834,33	1431,53
834,50	1423,34
834,67	1447,91
834,85	1441,77
835,02	1411,05
835,19	1400,81
835,37	1452,01
835,54	1341,42
835,71	1433,58
835,89	1349,61
836,06	1449,96
836,23	1509,35
836,40	1390,57
836,58	1505,26
836,75	1476,59
836,92	1386,47
837,10	1431,53
837,27	1378,28
837,44	1529,83
837,61	1429,48
837,79	1417,19
837,96	1423,34
838,13	1474,54
838,30	1509,35
838,48	1439,72
838,65	1443,82
838,82	1435,63
838,99	1447,91
839,17	1554,41
839,34	1466,35
839,51	1546,22
839,69	1656,81
839,86	2236,38
840,03	3377,10
840,20	5316,53
840,37	7755,66
840,55	10223,46
840,72	12343,11
840,89	13293,37
841,06	13170,49
841,24	11435,86
841,41	10028,90
841,58	9705,32
841,75	10532,70
841,93	12672,83
842,10	15353,62
842,27	18341,61
842,44	20395,72
842,62	20856,51
842,79	18978,53
842,96	16037,64
843,13	13530,93
843,30	11478,86
843,48	9930,60
843,65	8828,79
843,82	8169,35
843,99	7178,13
844,16	6510,49
844,34	5922,73
844,51	5267,38
844,68	4716,47
844,85	4274,11
845,02	3864,52
845,20	3495,88
845,37	3383,24
845,54	3209,17
845,71	2873,30
845,88	2791,38
846,06	2457,56
846,23	2205,66
846,40	1947,62
846,57	1816,55
846,74	1660,90
846,91	1601,51
847,09	1574,89
847,26	1484,78
847,43	1562,60
847,60	1476,59
847,77	1472,49
847,94	1521,64
848,12	1417,19
848,29	1421,29
848,46	1441,77
848,63	1529,83
848,80	1425,39
848,97	1398,76
849,15	1615,85
849,32	1327,08
849,49	1382,38
849,66	1411,05
849,83	1374,19
850,00	1439,72
850,17	1406,95
850,35	1529,83
850,52	1427,43
850,69	1359,85
850,86	1513,45
851,03	1548,26
851,20	1892,32
851,37	2426,84
851,55	3135,44
851,72	4306,88
851,89	5494,70
852,06	6285,22
852,23	6832,02
852,40	6838,17
852,57	6279,07
852,74	5347,25
852,92	4708,28
853,09	4210,62
853,26	3882,95
853,43	3487,69
853,60	3323,85
853,77	3090,38
853,94	2901,97
854,11	2758,61
854,28	2930,64
854,45	2562,01
854,63	2439,13
854,80	2271,20
854,97	2189,28
855,14	2103,26
855,31	2099,17
855,48	1906,66
855,65	1904,61
855,82	1832,93
855,99	1677,29
856,16	1652,71
856,33	1558,50
856,50	1490,92
856,68	1507,30
856,85	1468,39
857,02	1443,82
857,19	1366,00
857,36	1490,92
857,53	1505,26
857,70	1427,43
857,87	1417,19
858,04	1423,34
858,21	1449,96
858,38	1398,76
858,55	1497,07
858,72	1499,11
858,89	1447,91
859,06	1515,50
859,23	1374,19
859,40	1495,02
859,58	1413,10
859,75	1333,23
859,92	1488,87
860,09	1488,87
860,26	1447,91
860,43	1423,34
860,60	1359,85
860,77	1439,72
860,94	1394,67
861,11	1439,72
861,28	1476,59
861,45	1464,30
861,62	1398,76
861,79	1423,34
861,96	1431,53
862,13	1390,57
862,30	1374,19
862,47	1366,00
862,64	1619,94
862,81	1406,95
862,98	1390,57
863,15	1406,95
863,32	1433,58
863,49	1409,00
863,66	1423,34
863,83	1439,72
864,00	1353,71
864,17	1495,02
864,34	1345,52
864,51	1415,15
864,68	1353,71
864,85	1419,24
865,02	1447,91
865,19	1398,76
865,36	1499,11
865,53	1417,19
865,70	1398,76
865,87	1458,15
866,04	1546,22
866,21	1566,70
866,38	1751,01
866,55	1845,22
866,72	2045,92
866,89	2213,85
867,06	2185,18
867,23	2201,57
867,40	2090,98
867,57	2095,07
867,73	1980,39
867,90	1898,47
868,07	1972,19
868,24	1826,79
868,41	1771,49
868,58	1736,68
868,75	1648,61
868,92	1693,67
869,09	1597,42
869,26	1595,37
869,43	1607,66
869,60	1570,79
869,77	1566,70
869,94	1554,41
870,11	1570,79
870,28	1480,68
870,45	1452,01
870,61	1490,92
870,78	1507,30
870,95	1464,30
871,12	1470,44
871,29	1431,53
871,46	1427,43
871,63	1398,76
871,80	1347,56
871,97	1464,30
872,14	1538,02
872,31	1400,81
872,47	1366,00
872,64	1419,24
872,81	1376,24
872,98	1374,19
873,15	1402,86
873,32	1447,91
873,49	1411,05
873,66	1398,76
873,83	1361,90
874,00	1447,91
874,16	1382,38
874,33	1333,23
874,50	1376,24
874,67	1390,57
874,84	1425,39
875,01	1394,67
875,18	1325,04
875,35	1406,95
875,51	1423,34
875,68	1441,77
875,85	1411,05
876,02	1355,76
876,19	1472,49
876,36	1505,26
876,53	1351,66
876,69	1439,72
876,86	1464,30
877,03	1351,66
877,20	1415,15
877,37	1392,62
877,54	1398,76
877,71	1460,20
877,87	1423,34
878,04	1435,63
878,21	1374,19
878,38	1417,19
878,55	1398,76
878,72	1320,94
878,88	1431,53
879,05	1538,02
879,22	1374,19
879,39	1447,91
879,56	1378,28
879,73	1488,87
879,89	1361,90
880,06	1472,49
880,23	1472,49
880,40	1431,53
880,57	1376,24
880,74	1441,77
880,90	1427,43
881,07	1382,38
881,24	1529,83
881,41	1447,91
881,58	1417,19
881,74	1431,53
881,91	1368,04
882,08	1427,43
882,25	1478,63
882,42	1411,05
882,58	1538,02
882,75	1406,95
882,92	1374,19
883,09	1466,35
883,26	1456,11
883,42	1431,53
883,59	1423,34
883,76	1398,76
883,93	1431,53
884,09	1409,00
884,26	1472,49
884,43	1439,72
884,60	1402,86
884,77	1499,11
884,93	1400,81
885,10	1390,57
885,27	1492,97
885,44	1490,92
885,60	1546,22
885,77	1406,95
885,94	1505,26
886,11	1472,49
886,27	1466,35
886,44	1402,86
886,61	1456,11
886,78	1382,38
886,94	1368,04
887,11	1538,02
887,28	1366,00
887,45	1411,05
887,61	1456,11
887,78	1398,76
887,95	1345,52
888,12	1433,58
888,28	1357,80
888,45	1443,82
888,62	1384,43
888,78	1345,52
888,95	1456,11
889,12	1327,08
889,29	1427,43
889,45	1349,61
889,62	1441,77
889,79	1415,15
889,95	1345,52
890,12	1480,68
890,29	1335,28
890,46	1439,72
890,62	1390,57
