178,13	1136,62
178,35	1136,62
178,57	1136,62
178,78	1193,97
179,00	1185,77
179,22	1277,93
179,44	1267,69
179,66	1284,08
179,87	1357,80
180,09	1308,65
180,31	1357,80
180,53	1341,42
180,75	1304,56
180,96	1292,27
181,18	1243,12
181,40	1294,32
181,62	1263,60
181,84	1318,89
182,05	1292,27
182,27	1185,77
182,49	1304,56
182,71	1294,32
182,92	1335,28
183,14	1284,08
183,36	1292,27
183,58	1284,08
183,80	1390,57
184,01	1361,90
184,23	1318,89
184,45	1333,23
184,67	1337,32
184,89	1314,80
185,10	1351,66
185,32	1261,55
185,54	1300,46
185,76	1325,04
185,97	1261,55
186,19	1275,88
186,41	1325,04
186,63	1345,52
186,84	1282,03
187,06	1284,08
187,28	1331,18
187,50	1226,73
187,72	1361,90
187,93	1366,00
188,15	1290,22
188,37	1286,12
188,59	1308,65
188,80	1314,80
189,02	1292,27
189,24	1308,65
189,46	1366,00
189,67	1314,80
189,89	1343,47
190,11	1341,42
190,33	1361,90
190,54	1409,00
190,76	1357,80
190,98	1304,56
191,20	1298,41
191,41	1290,22
191,63	1341,42
191,85	1206,25
192,07	1345,52
192,28	1279,98
192,50	1333,23
192,72	1284,08
192,94	1349,61
193,15	1351,66
193,37	1363,95
193,59	1374,19
193,81	1341,42
194,02	1284,08
194,24	1316,84
194,46	1306,60
194,67	1368,04
194,89	1263,60
195,11	1267,69
195,33	1316,84
195,54	1382,38
195,76	1355,76
195,98	1292,27
196,20	1333,23
196,41	1304,56
196,63	1294,32
196,85	1333,23
197,06	1214,45
197,28	1243,12
197,50	1288,17
197,72	1288,17
197,93	1325,04
198,15	1349,61
198,37	1333,23
198,58	1308,65
198,80	1359,85
199,02	1390,57
199,24	1259,50
199,45	1271,79
199,67	1259,50
199,89	1261,55
200,10	1335,28
200,32	1284,08
200,54	1271,79
200,76	1269,74
200,97	1314,80
201,19	1296,36
201,41	1310,70
201,62	1284,08
201,84	1304,56
202,06	1343,47
202,28	1329,13
202,49	1376,24
202,71	1351,66
202,93	1353,71
203,14	1316,84
203,36	1347,56
203,58	1228,78
203,79	1243,12
204,01	1327,08
204,23	1366,00
204,44	1419,24
204,66	1304,56
204,88	1357,80
205,10	1302,51
205,31	1329,13
205,53	1302,51
205,75	1359,85
205,96	1296,36
206,18	1306,60
206,40	1308,65
206,61	1226,73
206,83	1316,84
207,05	1218,54
207,26	1296,36
207,48	1366,00
207,70	1322,99
207,91	1316,84
208,13	1366,00
208,35	1306,60
208,56	1302,51
208,78	1314,80
209,00	1300,46
209,21	1296,36
209,43	1333,23
209,65	1292,27
209,86	1236,97
210,08	1368,04
210,30	1286,12
210,51	1308,65
210,73	1247,21
210,95	1329,13
211,16	1316,84
211,38	1267,69
211,60	1306,60
211,81	1341,42
212,03	1284,08
212,25	1320,94
212,46	1333,23
212,68	1357,80
212,90	1349,61
213,11	1214,45
213,33	1357,80
213,55	1345,52
213,76	1320,94
213,98	1261,55
214,20	1239,02
214,41	1325,04
214,63	1357,80
214,84	1341,42
215,06	1351,66
215,28	1310,70
215,49	1409,00
215,71	1339,37
215,93	1368,04
216,14	1267,69
216,36	1308,65
216,58	1300,46
216,79	1329,13
217,01	1372,14
217,22	1275,88
217,44	1398,76
217,66	1294,32
217,87	1341,42
218,09	1263,60
218,31	1275,88
218,52	1329,13
218,74	1331,18
218,95	1333,23
219,17	1245,16
219,39	1277,93
219,60	1284,08
219,82	1349,61
220,04	1370,09
220,25	1290,22
220,47	1318,89
220,68	1286,12
220,90	1357,80
221,12	1279,98
221,33	1345,52
221,55	1325,04
221,77	1275,88
221,98	1308,65
222,20	1320,94
222,41	1374,19
222,63	1288,17
222,85	1304,56
223,06	1296,36
223,28	1366,00
223,49	1269,74
223,71	1259,50
223,93	1308,65
224,14	1382,38
224,36	1353,71
224,57	1286,12
224,79	1284,08
225,01	1243,12
225,22	1302,51
225,44	1300,46
225,65	1277,93
225,87	1390,57
226,09	1286,12
226,30	1390,57
226,52	1366,00
226,73	1234,93
226,95	1409,00
227,17	1310,70
227,38	1310,70
227,60	1400,81
227,81	1316,84
228,03	1212,40
228,24	1339,37
228,46	1390,57
228,68	1312,75
228,89	1353,71
229,11	1239,02
229,32	1308,65
229,54	1245,16
229,75	1341,42
229,97	1251,31
230,19	1284,08
230,40	1269,74
230,62	1292,27
230,83	1370,09
231,05	1366,00
231,26	1320,94
231,48	1267,69
231,70	1349,61
231,91	1318,89
232,13	1366,00
232,34	1308,65
232,56	1284,08
232,77	1316,84
232,99	1331,18
233,21	1513,45
233,42	1255,40
233,64	1333,23
233,85	1302,51
234,07	1251,31
234,28	1333,23
234,50	1282,03
234,71	1318,89
234,93	1357,80
235,15	1359,85
235,36	1294,32
235,58	1325,04
235,79	1271,79
236,01	1198,06
236,22	1351,66
236,44	1411,05
236,65	1267,69
236,87	1337,32
237,08	1308,65
237,30	1279,98
237,52	1333,23
237,73	1267,69
237,95	1357,80
238,16	1279,98
238,38	1312,75
238,59	1243,12
238,81	1335,28
239,02	1318,89
239,24	1361,90
239,45	1337,32
239,67	1300,46
239,88	1261,55
240,10	1357,80
240,31	1320,94
240,53	1329,13
240,74	1341,42
240,96	1335,28
241,18	1327,08
241,39	1273,84
241,61	1308,65
241,82	1263,60
242,04	1292,27
242,25	1294,32
242,47	1308,65
242,68	1357,80
242,90	1300,46
243,11	1312,75
243,33	1345,52
243,54	1404,91
243,76	1236,97
243,97	1423,34
244,19	1333,23
244,40	1284,08
244,62	1325,04
244,83	1329,13
245,05	1259,50
245,26	1341,42
245,48	1277,93
245,69	1345,52
245,91	1288,17
246,12	1349,61
246,34	1378,28
246,55	1292,27
246,77	1222,64
246,98	1325,04
247,20	1247,21
247,41	1243,12
247,63	1312,75
247,84	1279,98
248,06	1413,10
248,27	1261,55
248,49	1292,27
248,70	1316,84
248,92	1286,12
249,13	1271,79
249,35	1320,94
249,56	1241,07
249,78	1300,46
249,99	1370,09
250,21	1357,80
250,42	1284,08
250,64	1320,94
250,85	1308,65
251,06	1366,00
251,28	1382,38
251,49	1288,17
251,71	1349,61
251,92	1259,50
252,14	1337,32
252,35	1247,21
252,57	1302,51
252,78	1337,32
253,00	1300,46
253,21	1247,21
253,43	1292,27
253,64	1267,69
253,86	1327,08
254,07	1249,26
254,28	1255,40
254,50	1357,80
254,71	1318,89
254,93	1226,73
255,14	1306,60
255,36	1296,36
255,57	1284,08
255,79	1294,32
256,00	1409,00
256,22	1363,95
256,43	1349,61
256,64	1351,66
256,86	1327,08
257,07	1279,98
257,29	1284,08
257,50	1245,16
257,72	1308,65
257,93	1267,69
258,15	1329,13
258,36	1333,23
258,57	1325,04
258,79	1318,89
259,00	1284,08
259,22	1361,90
259,43	1292,27
259,65	1245,16
259,86	1320,94
260,08	1261,55
260,29	1482,73
260,50	1234,93
260,72	1554,41
260,93	1239,02
261,15	1325,04
261,36	1304,56
261,58	1253,36
261,79	1228,78
262,00	1335,28
262,22	1443,82
262,43	1331,18
262,65	1351,66
262,86	1341,42
263,07	1378,28
263,29	1374,19
263,50	1286,12
263,72	1210,35
263,93	1271,79
264,15	1357,80
264,36	1318,89
264,57	1302,51
264,79	1339,37
265,00	1325,04
265,22	1300,46
265,43	1325,04
265,64	1341,42
265,86	1286,12
266,07	1271,79
266,29	1304,56
266,50	1286,12
266,71	1306,60
266,93	1275,88
267,14	1277,93
267,36	1290,22
267,57	1275,88
267,78	1327,08
268,00	1351,66
268,21	1359,85
268,43	1269,74
268,64	1241,07
268,85	1322,99
269,07	1306,60
269,28	1345,52
269,50	1296,36
269,71	1325,04
269,92	1376,24
270,14	1382,38
270,35	1220,59
270,56	1384,43
270,78	1374,19
270,99	1275,88
271,21	1249,26
271,42	1308,65
271,63	1374,19
271,85	1302,51
272,06	1337,32
272,27	1322,99
272,49	1320,94
272,70	1327,08
272,92	1318,89
273,13	1368,04
273,34	1304,56
273,56	1279,98
273,77	1333,23
273,98	1327,08
274,20	1341,42
274,41	1236,97
274,63	1300,46
274,84	1267,69
275,05	1269,74
275,27	1300,46
275,48	1284,08
275,69	1277,93
275,91	1228,78
276,12	1286,12
276,33	1259,50
276,55	1290,22
276,76	1349,61
276,97	1366,00
277,19	1234,93
277,40	1292,27
277,61	1265,64
277,83	1243,12
278,04	1361,90
278,26	1251,31
278,47	1327,08
278,68	1300,46
278,90	1286,12
279,11	1234,93
279,32	1337,32
279,54	1359,85
279,75	1341,42
279,96	1349,61
280,18	1318,89
280,39	1349,61
280,60	1363,95
280,82	1353,71
281,03	1337,32
281,24	1320,94
281,46	1300,46
281,67	1316,84
281,88	1296,36
282,10	1316,84
282,31	1361,90
282,52	1325,04
282,74	1259,50
282,95	1277,93
283,16	1249,26
283,37	1277,93
283,59	1282,03
283,80	1294,32
284,01	1374,19
284,23	1275,88
284,44	1370,09
284,65	1382,38
284,87	1218,54
285,08	1368,04
285,29	1329,13
285,51	1357,80
285,72	1279,98
285,93	1390,57
286,15	1304,56
286,36	1230,83
286,57	1329,13
286,78	1247,21
287,00	1296,36
287,21	1279,98
287,42	1273,84
287,64	1310,70
287,85	1316,84
288,06	1382,38
288,28	1261,55
288,49	1271,79
288,70	1259,50
288,91	1333,23
289,13	1390,57
289,34	1335,28
289,55	1308,65
289,77	1292,27
289,98	1398,76
290,19	1310,70
290,40	1308,65
290,62	1370,09
290,83	1267,69
291,04	1308,65
291,26	1243,12
291,47	1320,94
291,68	1308,65
291,89	1320,94
292,11	1398,76
292,32	1298,41
292,53	1349,61
292,74	1413,10
292,96	1275,88
293,17	1263,60
293,38	1351,66
293,60	1396,71
293,81	1296,36
294,02	1255,40
294,23	1308,65
294,45	1341,42
294,66	1296,36
294,87	1294,32
295,08	1277,93
295,30	1374,19
295,51	1304,56
295,72	1349,61
295,93	1366,00
296,15	1329,13
296,36	1388,52
296,57	1374,19
296,78	1296,36
297,00	1275,88
297,21	1216,49
297,42	1341,42
297,63	1335,28
297,85	1349,61
298,06	1357,80
298,27	1359,85
298,48	1359,85
298,70	1333,23
298,91	1456,11
299,12	1335,28
299,33	1329,13
299,55	1267,69
299,76	1316,84
299,97	1366,00
300,18	1271,79
300,40	1300,46
300,61	1359,85
300,82	1355,76
301,03	1314,80
301,24	1357,80
301,46	1331,18
301,67	1376,24
301,88	1320,94
302,09	1390,57
302,31	1251,31
302,52	1267,69
302,73	1390,57
302,94	1329,13
303,15	1259,50
303,37	1308,65
303,58	1234,93
303,79	1353,71
304,00	1390,57
304,22	1368,04
304,43	1427,43
304,64	1394,67
304,85	1271,79
305,06	1370,09
305,28	1341,42
305,49	1339,37
305,70	1402,86
305,91	1251,31
306,12	1384,43
306,34	1335,28
306,55	1300,46
306,76	1318,89
306,97	1357,80
307,18	1308,65
307,40	1312,75
307,61	1300,46
307,82	1320,94
308,03	1402,86
308,24	1298,41
308,46	1351,66
308,67	1318,89
308,88	1341,42
309,09	1374,19
309,30	1349,61
309,52	1325,04
309,73	1411,05
309,94	1218,54
310,15	1347,56
310,36	1335,28
310,57	1333,23
310,79	1357,80
311,00	1316,84
311,21	1359,85
311,42	1318,89
311,63	1325,04
311,85	1300,46
312,06	1384,43
312,27	1431,53
312,48	1353,71
312,69	1277,93
312,90	1388,52
313,12	1349,61
313,33	1394,67
313,54	1433,58
313,75	1265,64
313,96	1335,28
314,17	1333,23
314,39	1261,55
314,60	1417,19
314,81	1376,24
315,02	1284,08
315,23	1345,52
315,44	1429,48
315,65	1374,19
315,87	1351,66
316,08	1327,08
316,29	1345,52
316,50	1384,43
316,71	1329,13
316,92	1308,65
317,14	1316,84
317,35	1314,80
317,56	1480,68
317,77	1423,34
317,98	1382,38
318,19	1431,53
318,40	1390,57
318,62	1425,39
318,83	1394,67
319,04	1402,86
319,25	1327,08
319,46	1411,05
319,67	1431,53
319,88	1456,11
320,09	1400,81
320,31	1368,04
320,52	1423,34
320,73	1411,05
320,94	1398,76
321,15	1409,00
321,36	1376,24
321,57	1394,67
321,78	1359,85
322,00	1320,94
322,21	1415,15
322,42	1392,62
322,63	1341,42
322,84	1376,24
323,05	1415,15
323,26	1433,58
323,47	1398,76
323,69	1366,00
323,90	1406,95
324,11	1349,61
324,32	1390,57
324,53	1337,32
324,74	1396,71
324,95	1382,38
325,16	1406,95
325,37	1325,04
325,59	1327,08
325,80	1427,43
326,01	1269,74
326,22	1447,91
326,43	1415,15
326,64	1476,59
326,85	1413,10
327,06	1335,28
327,27	1368,04
327,48	1439,72
327,69	1546,22
327,91	1452,01
328,12	1335,28
328,33	1443,82
328,54	1327,08
328,75	1423,34
328,96	1415,15
329,17	1447,91
329,38	1366,00
329,59	1316,84
329,80	1746,92
330,01	1447,91
330,23	1445,87
330,44	1472,49
330,65	1439,72
330,86	1398,76
331,07	1439,72
331,28	1464,30
331,49	1449,96
331,70	1495,02
331,91	1310,70
332,12	1406,95
332,33	1392,62
332,54	1447,91
332,75	1497,07
332,96	1462,25
333,17	1480,68
333,39	1466,35
333,60	1484,78
333,81	1456,11
334,02	1333,23
334,23	1468,39
334,44	1415,15
334,65	1464,30
334,86	1394,67
335,07	1447,91
335,28	1419,24
335,49	1464,30
335,70	1411,05
335,91	1421,29
336,12	1427,43
336,33	1468,39
336,54	1406,95
336,75	1464,30
336,96	1423,34
337,17	1415,15
337,39	1435,63
337,60	1468,39
337,81	1431,53
338,02	1460,20
338,23	1460,20
338,44	1359,85
338,65	1406,95
338,86	1384,43
339,07	1458,15
339,28	1464,30
339,49	1447,91
339,70	1427,43
339,91	1441,77
340,12	1447,91
340,33	1361,90
340,54	1417,19
340,75	1392,62
340,96	1384,43
341,17	1497,07
341,38	1427,43
341,59	1447,91
341,80	1529,83
342,01	1406,95
342,22	1402,86
342,43	1464,30
342,64	1423,34
342,85	1478,63
343,06	1415,15
343,27	1415,15
343,48	1449,96
343,69	1427,43
343,90	1345,52
344,11	1529,83
344,32	1439,72
344,53	1435,63
344,74	1517,54
344,95	1433,58
345,16	1501,16
345,37	1427,43
345,58	1456,11
345,79	1447,91
346,00	1476,59
346,21	1376,24
346,42	1378,28
346,63	1384,43
346,84	1433,58
347,05	1380,33
347,26	1404,91
347,47	1361,90
347,68	1476,59
347,89	1525,74
348,10	1497,07
348,31	1415,15
348,52	1492,97
348,73	1400,81
348,94	1312,75
349,15	1527,78
349,36	1443,82
349,57	1464,30
349,78	1439,72
349,99	1447,91
350,20	1464,30
350,41	1388,52
350,62	1382,38
350,83	1472,49
351,04	1398,76
351,25	1349,61
351,46	1427,43
351,67	1466,35
351,88	1390,57
352,09	1415,15
352,30	1497,07
352,50	1488,87
352,71	1492,97
352,92	1409,00
353,13	1419,24
353,34	1423,34
353,55	1439,72
353,76	1394,67
353,97	1554,41
354,18	1400,81
354,39	1361,90
354,60	1544,17
354,81	1462,25
355,02	1482,73
355,23	1460,20
355,44	1351,66
355,65	1458,15
355,86	1513,45
356,07	1484,78
356,28	1486,83
356,48	1505,26
356,69	1486,83
356,90	1394,67
357,11	1423,34
357,32	1482,73
357,53	1527,78
357,74	1497,07
357,95	1544,17
358,16	1406,95
358,37	1443,82
358,58	1447,91
358,79	1400,81
359,00	1441,77
359,21	1447,91
359,41	1468,39
359,62	1478,63
359,83	1472,49
360,04	1335,28
360,25	1517,54
360,46	1427,43
360,67	1468,39
360,88	1415,15
361,09	1505,26
361,30	1439,72
361,51	1456,11
361,72	1480,68
361,92	1495,02
362,13	1343,47
362,34	1480,68
362,55	1447,91
362,76	1464,30
362,97	1394,67
363,18	1515,50
363,39	1497,07
363,60	1454,06
363,81	1431,53
364,01	1476,59
364,22	1507,30
364,43	1415,15
364,64	1454,06
364,85	1443,82
365,06	1415,15
365,27	1505,26
365,48	1456,11
365,69	1533,93
365,89	1464,30
366,10	1484,78
366,31	1509,35
366,52	1447,91
366,73	1513,45
366,94	1572,84
367,15	1476,59
367,36	1398,76
367,57	1531,88
367,77	1452,01
367,98	1513,45
368,19	1484,78
368,40	1488,87
368,61	1497,07
368,82	1447,91
369,03	1484,78
369,23	1613,80
369,44	1474,54
369,65	1509,35
369,86	1474,54
370,07	1562,60
370,28	1468,39
370,49	1480,68
370,70	1456,11
370,90	1505,26
371,11	1357,80
371,32	1517,54
371,53	1460,20
371,74	1445,87
371,95	1439,72
372,16	1359,85
372,36	1531,88
372,57	1464,30
372,78	1382,38
372,99	1423,34
373,20	1480,68
373,41	1384,43
373,61	1415,15
373,82	1464,30
374,03	1460,20
374,24	1470,44
374,45	1523,69
374,66	1476,59
374,86	1533,93
375,07	1478,63
375,28	1419,24
375,49	1460,20
375,70	1390,57
375,91	1433,58
376,11	1449,96
376,32	1474,54
376,53	1464,30
376,74	1511,40
376,95	1785,83
377,16	1488,87
377,36	1497,07
377,57	1570,79
377,78	1427,43
377,99	1554,41
378,20	1464,30
378,40	1552,36
378,61	1468,39
378,82	1480,68
379,03	1427,43
379,24	1540,07
379,45	1435,63
379,65	1406,95
379,86	1484,78
380,07	1409,00
380,28	1509,35
380,49	1478,63
380,69	1564,65
380,90	1542,12
381,11	1472,49
381,32	1464,30
381,53	1517,54
381,73	1474,54
381,94	1497,07
382,15	1419,24
382,36	1472,49
382,57	1538,02
382,77	1452,01
382,98	1472,49
383,19	1501,16
383,40	1527,78
383,60	1562,60
383,81	1472,49
384,02	1497,07
384,23	1468,39
384,44	1509,35
384,64	1470,44
384,85	1484,78
385,06	1519,59
385,27	1437,67
385,48	1431,53
385,68	1466,35
385,89	1460,20
386,10	1464,30
386,31	1480,68
386,51	1542,12
386,72	1509,35
386,93	1511,40
387,14	1474,54
387,34	1447,91
387,55	1439,72
387,76	1587,18
387,97	1509,35
388,17	1480,68
388,38	1431,53
388,59	1546,22
388,80	1492,97
389,01	1521,64
389,21	1581,03
389,42	1560,55
389,63	1535,98
389,84	1468,39
390,04	1480,68
390,25	1472,49
390,46	1572,84
390,67	1447,91
390,87	1497,07
391,08	1460,20
391,29	1443,82
391,49	1437,67
391,70	1415,15
391,91	1542,12
392,12	1521,64
392,32	1406,95
392,53	1515,50
392,74	1402,86
392,95	1421,29
393,15	1538,02
393,36	1415,15
393,57	1449,96
393,78	1433,58
393,98	1488,87
394,19	1415,15
394,40	1562,60
394,60	1472,49
394,81	1452,01
395,02	1447,91
395,23	1472,49
395,43	1431,53
395,64	1443,82
395,85	1376,24
396,06	1417,19
396,26	1488,87
396,47	1517,54
396,68	1484,78
396,88	1646,57
397,09	1671,14
397,30	1751,01
397,50	1687,53
397,71	1660,90
397,92	1474,54
398,13	1578,98
398,33	1482,73
398,54	1576,94
398,75	1466,35
398,95	1525,74
399,16	1492,97
399,37	1468,39
399,57	1501,16
399,78	1581,03
399,99	1445,87
400,20	1572,84
400,40	1374,19
400,61	1447,91
400,82	1425,39
401,02	1456,11
401,23	1439,72
401,44	1398,76
401,64	1484,78
401,85	1431,53
402,06	1568,74
402,26	1488,87
402,47	1415,15
402,68	1611,75
402,88	1327,08
403,09	1554,41
403,30	1525,74
403,50	1374,19
403,71	1574,89
403,92	1456,11
404,12	1366,00
404,33	1441,77
404,54	1439,72
404,74	1419,24
404,95	1445,87
405,16	1378,28
405,36	1521,64
405,57	1411,05
405,78	1419,24
405,98	1427,43
406,19	1359,85
406,40	1474,54
406,60	1480,68
406,81	1443,82
407,02	1460,20
407,22	1529,83
407,43	1464,30
407,64	1488,87
407,84	1456,11
408,05	1505,26
408,26	1460,20
408,46	1564,65
408,67	1550,31
408,87	1464,30
409,08	1406,95
409,29	1509,35
409,49	1452,01
409,70	1669,09
409,91	1877,99
410,11	2162,66
410,32	2334,68
410,53	2375,64
410,73	2308,06
410,94	2066,40
411,14	1894,37
411,35	1761,25
411,56	1642,47
411,76	1628,14
411,97	1472,49
412,18	1449,96
412,38	1333,23
412,59	1484,78
412,79	1439,72
413,00	1492,97
413,21	1497,07
413,41	1419,24
413,62	1497,07
413,82	1423,34
414,03	1517,54
414,24	1492,97
414,44	1400,81
414,65	1402,86
414,86	1374,19
415,06	1472,49
415,27	1458,15
415,47	1406,95
415,68	1476,59
415,89	1478,63
416,09	1431,53
416,30	1343,47
416,50	1492,97
416,71	1429,48
416,92	1447,91
417,12	1439,72
417,33	1460,20
417,53	1488,87
417,74	1396,71
417,94	1548,26
418,15	1603,56
418,36	1525,74
418,56	1447,91
418,77	1480,68
418,97	1431,53
419,18	1513,45
419,39	1572,84
419,59	1497,07
419,80	1435,63
420,00	1415,15
420,21	1468,39
420,41	1521,64
420,62	1503,21
420,83	1443,82
421,03	1464,30
421,24	1474,54
421,44	1499,11
421,65	1472,49
421,85	1484,78
422,06	1441,77
422,27	1478,63
422,47	1525,74
422,68	1427,43
422,88	1511,40
423,09	1495,02
423,29	1458,15
423,50	1425,39
423,70	1460,20
423,91	1378,28
424,12	1456,11
424,32	1398,76
424,53	1413,10
424,73	1472,49
424,94	1480,68
425,14	1456,11
425,35	1409,00
425,55	1486,83
425,76	1390,57
425,96	1384,43
426,17	1456,11
426,37	1361,90
426,58	1417,19
426,79	1388,52
426,99	1458,15
427,20	1345,52
427,40	1505,26
427,61	1353,71
427,81	1439,72
428,02	1472,49
428,22	1435,63
428,43	1423,34
428,63	1400,81
428,84	1419,24
429,04	1359,85
429,25	1382,38
429,45	1476,59
429,66	1427,43
429,86	1394,67
430,07	1376,24
430,27	1382,38
430,48	1376,24
430,68	1413,10
430,89	1464,30
431,09	1431,53
431,30	1411,05
431,50	1402,86
431,71	1447,91
431,91	1327,08
432,12	1417,19
432,32	1511,40
432,53	1433,58
432,73	1406,95
432,94	1435,63
433,14	1574,89
433,35	1804,26
433,55	2379,74
433,76	3315,66
433,96	4429,76
434,17	5205,94
434,37	5574,57
434,58	4712,38
434,78	4155,33
434,99	3557,32
435,19	2918,36
435,40	2414,56
435,60	2109,41
435,81	1791,97
436,01	1611,75
436,22	1568,74
436,42	1513,45
436,63	1499,11
436,83	1460,20
437,04	1529,83
437,24	1349,61
437,45	1427,43
437,65	1406,95
437,86	1456,11
438,06	1464,30
438,26	1454,06
438,47	1398,76
438,67	1384,43
438,88	1427,43
439,08	1376,24
439,29	1482,73
439,49	1423,34
439,70	1464,30
439,90	1421,29
440,11	1394,67
440,31	1488,87
440,52	1437,67
440,72	1439,72
440,92	1409,00
441,13	1452,01
441,33	1447,91
441,54	1478,63
441,74	1411,05
441,95	1456,11
442,15	1601,51
442,36	1497,07
442,56	1472,49
442,76	1474,54
442,97	1460,20
443,17	1468,39
443,38	1464,30
443,58	1372,14
443,79	1380,33
443,99	1388,52
444,19	1439,72
444,40	1472,49
444,60	1490,92
444,81	1370,09
445,01	1488,87
445,22	1531,88
445,42	1390,57
445,62	1456,11
445,83	1501,16
446,03	1558,50
446,24	1488,87
446,44	1482,73
446,64	1480,68
446,85	1474,54
447,05	1449,96
447,26	1390,57
447,46	1531,88
447,67	1447,91
447,87	1417,19
448,07	1515,50
448,28	1406,95
448,48	1511,40
448,69	1406,95
448,89	1488,87
449,09	1441,77
449,30	1505,26
449,50	1497,07
449,71	1513,45
449,91	1449,96
450,11	1566,70
450,32	1488,87
450,52	1433,58
450,72	1505,26
450,93	1472,49
451,13	1460,20
451,34	1478,63
451,54	1398,76
451,74	1447,91
451,95	1333,23
452,15	1398,76
452,36	1359,85
452,56	1433,58
452,76	1460,20
452,97	1390,57
453,17	1466,35
453,37	1431,53
453,58	1329,13
453,78	1466,35
453,98	1488,87
454,19	1552,36
454,39	1404,91
454,60	1337,32
454,80	1406,95
455,00	1472,49
455,21	1357,80
455,41	1447,91
455,61	1411,05
455,82	1398,76
456,02	1398,76
456,22	1411,05
456,43	1425,39
456,63	1441,77
456,84	1490,92
457,04	1499,11
457,24	1472,49
457,45	1484,78
457,65	1466,35
457,85	1476,59
458,06	1497,07
458,26	1503,21
458,46	1515,50
458,67	1562,60
458,87	1507,30
459,07	1556,46
459,28	1505,26
459,48	1419,24
459,68	1400,81
459,89	1423,34
460,09	1468,39
460,29	1476,59
460,50	1345,52
460,70	1286,12
460,90	1443,82
461,11	1374,19
461,31	1357,80
461,51	1464,30
461,72	1464,30
461,92	1392,62
462,12	1513,45
462,32	1480,68
462,53	1456,11
462,73	1904,61
462,93	1488,87
463,14	1519,59
463,34	1540,07
463,54	1593,32
463,75	1628,14
463,95	1495,02
464,15	1613,80
464,36	1527,78
464,56	1556,46
464,76	1417,19
464,96	1464,30
465,17	1427,43
465,37	1423,34
465,57	1447,91
465,78	1398,76
465,98	1425,39
466,18	1406,95
466,39	1488,87
466,59	1488,87
466,79	1431,53
466,99	1505,26
467,20	1423,34
467,40	1441,77
467,60	1390,57
467,81	1400,81
468,01	1521,64
468,21	1415,15
468,41	1480,68
468,62	1574,89
468,82	1527,78
469,02	1394,67
469,22	1404,91
469,43	1366,00
469,63	1441,77
469,83	1499,11
470,04	1476,59
470,24	1454,06
470,44	1423,34
470,64	1423,34
470,85	1400,81
471,05	1374,19
471,25	1509,35
471,45	1456,11
471,66	1452,01
471,86	1437,67
472,06	1445,87
472,26	1460,20
472,47	1447,91
472,67	1488,87
472,87	1460,20
473,07	1447,91
473,28	1517,54
473,48	1480,68
473,68	1511,40
473,88	1433,58
474,09	1490,92
474,29	1413,10
474,49	1452,01
474,69	1476,59
474,90	1402,86
475,10	1456,11
475,30	1523,69
475,50	1505,26
475,70	1374,19
475,91	1392,62
476,11	1425,39
476,31	1497,07
476,51	1386,47
476,72	1458,15
476,92	1402,86
477,12	1429,48
477,32	1308,65
477,53	1456,11
477,73	1472,49
477,93	1415,15
478,13	1370,09
478,33	1425,39
478,54	1521,64
478,74	1488,87
478,94	1497,07
479,14	1507,30
479,34	1566,70
479,55	1562,60
479,75	1513,45
479,95	1542,12
480,15	1572,84
480,35	1558,50
480,56	1595,37
480,76	1570,79
480,96	1458,15
481,16	1583,08
481,36	1560,55
481,57	1538,02
481,77	1419,24
481,97	1470,44
482,17	1472,49
482,37	1492,97
482,58	1454,06
482,78	1492,97
482,98	1517,54
483,18	1538,02
483,38	1603,56
483,58	1578,98
483,79	1595,37
483,99	1540,07
484,19	1638,38
484,39	1566,70
484,59	1665,00
484,80	1658,85
485,00	1753,06
485,20	2007,01
485,40	4020,16
485,60	11272,02
485,80	21919,41
486,01	34608,62
486,21	45370,70
486,41	51066,10
486,61	45053,26
486,81	34737,65
487,01	27319,90
487,22	22214,32
487,42	17104,64
487,62	12478,27
487,82	8494,97
488,02	5576,62
488,22	3688,39
488,42	2693,08
488,63	2123,74
488,83	1898,47
489,03	1693,67
489,23	1677,29
489,43	1677,29
489,63	1689,57
489,83	1566,70
490,04	1570,79
490,24	1597,42
490,44	1564,65
490,64	1550,31
490,84	1492,97
491,04	1570,79
491,24	1513,45
491,44	1488,87
491,65	1517,54
491,85	1441,77
492,05	1476,59
492,25	1513,45
492,45	1591,27
492,65	1574,89
492,85	1656,81
493,05	1669,09
493,26	1613,80
493,46	1679,33
493,66	1738,73
493,86	1677,29
494,06	1685,48
494,26	1593,32
494,46	1673,19
494,66	1566,70
494,86	1480,68
495,07	1464,30
495,27	1492,97
495,47	1443,82
495,67	1540,07
495,87	1437,67
496,07	1464,30
496,27	1460,20
496,47	1417,19
496,67	1544,17
496,87	1523,69
497,08	1460,20
497,28	1499,11
497,48	1443,82
497,68	1587,18
497,88	1525,74
498,08	1490,92
498,28	1476,59
498,48	1445,87
498,68	1445,87
498,88	1449,96
499,08	1427,43
499,29	1488,87
499,49	1439,72
499,69	1425,39
499,89	1441,77
500,09	1378,28
500,29	1468,39
500,49	1443,82
500,69	1495,02
500,89	1433,58
501,09	1480,68
501,29	1466,35
501,49	1447,91
501,69	1540,07
501,89	1464,30
502,09	1562,60
502,30	1482,73
502,50	1554,41
502,70	1597,42
502,90	1529,83
503,10	1398,76
503,30	1368,04
503,50	1359,85
503,70	1478,63
503,90	1497,07
504,10	1376,24
504,30	1464,30
504,50	1431,53
504,70	1507,30
504,90	1449,96
505,10	1386,47
505,30	1427,43
505,50	1431,53
505,70	1474,54
505,90	1431,53
506,10	1433,58
506,30	1525,74
506,50	1538,02
506,70	1409,00
506,90	1495,02
507,11	1404,91
507,31	1443,82
507,51	1468,39
507,71	1411,05
507,91	1429,48
508,11	1513,45
508,31	1468,39
508,51	1421,29
508,71	1466,35
508,91	1361,90
509,11	1390,57
509,31	1423,34
509,51	1472,49
509,71	1460,20
509,91	1452,01
510,11	1449,96
510,31	1415,15
510,51	1476,59
510,71	1415,15
510,91	1454,06
511,11	1470,44
511,31	1449,96
511,51	1402,86
511,71	1406,95
511,91	1433,58
512,11	1409,00
512,31	1331,18
512,51	1411,05
512,71	1382,38
512,91	1417,19
513,11	1433,58
513,31	1400,81
513,51	1384,43
513,71	1370,09
513,91	1406,95
514,11	1452,01
514,31	1378,28
514,51	1472,49
514,71	1443,82
514,90	1419,24
515,10	1437,67
515,30	1470,44
515,50	1398,76
515,70	1454,06
515,90	1445,87
516,10	1460,20
516,30	1316,84
516,50	1386,47
516,70	1492,97
516,90	1423,34
517,10	1398,76
517,30	1513,45
517,50	1443,82
517,70	1392,62
517,90	1439,72
518,10	1370,09
518,30	1531,88
518,50	1452,01
518,70	1400,81
518,90	1472,49
519,10	1394,67
519,30	1513,45
519,50	1458,15
519,69	1517,54
519,89	1419,24
520,09	1464,30
520,29	1484,78
520,49	1452,01
520,69	1415,15
520,89	1449,96
521,09	1427,43
521,29	1626,09
521,49	1435,63
521,69	1443,82
521,89	1406,95
522,09	1458,15
522,29	1431,53
522,48	1515,50
522,68	1398,76
522,88	1449,96
523,08	1456,11
523,28	1497,07
523,48	1468,39
523,68	1396,71
523,88	1472,49
524,08	1398,76
524,28	1478,63
524,48	1431,53
524,68	1445,87
524,87	1415,15
525,07	1392,62
525,27	1517,54
525,47	1415,15
525,67	1318,89
525,87	1443,82
526,07	1468,39
526,27	1398,76
526,47	1429,48
526,67	1398,76
526,86	1404,91
527,06	1464,30
527,26	1533,93
527,46	1593,32
527,66	1460,20
527,86	1398,76
528,06	1456,11
528,26	1587,18
528,46	1433,58
528,65	1355,76
528,85	1378,28
529,05	1400,81
529,25	1497,07
529,45	1417,19
529,65	1392,62
529,85	1445,87
530,05	1390,57
530,24	1578,98
530,44	1431,53
530,64	1474,54
530,84	1525,74
531,04	1433,58
531,24	1452,01
531,44	1425,39
531,63	1392,62
531,83	1525,74
532,03	1472,49
532,23	1417,19
532,43	1456,11
532,63	1355,76
532,83	1402,86
533,02	1497,07
533,22	1431,53
533,42	1406,95
533,62	1482,73
533,82	1402,86
534,02	1460,20
534,22	1464,30
534,41	1382,38
534,61	1460,20
534,81	1380,33
535,01	1417,19
535,21	1505,26
535,41	1406,95
535,60	1306,60
535,80	1417,19
536,00	1396,71
536,20	1423,34
536,40	1374,19
536,60	1406,95
536,79	1423,34
536,99	1249,26
537,19	1464,30
537,39	1480,68
537,59	1415,15
537,78	1351,66
537,98	1456,11
538,18	1394,67
538,38	1464,30
538,58	1374,19
538,77	1472,49
538,97	1392,62
539,17	1456,11
539,37	1458,15
539,57	1466,35
539,77	1476,59
539,96	1392,62
540,16	1472,49
540,36	1363,95
540,56	1398,76
540,76	1427,43
540,95	1406,95
541,15	1368,04
541,35	1394,67
541,55	1439,72
541,74	1423,34
541,94	1529,83
542,14	1447,91
542,34	1443,82
542,54	1482,73
542,73	1521,64
542,93	1431,53
543,13	1490,92
543,33	1456,11
543,53	1505,26
543,72	1406,95
543,92	1439,72
544,12	1435,63
544,32	1515,50
544,51	1447,91
544,71	1398,76
544,91	1376,24
545,11	1488,87
545,30	1372,14
545,50	1439,72
545,70	1447,91
545,90	1505,26
546,10	1474,54
546,29	1578,98
546,49	1550,31
546,69	1445,87
546,89	1460,20
547,08	1452,01
547,28	1339,37
547,48	1505,26
547,68	1470,44
547,87	1406,95
548,07	1406,95
548,27	1423,34
548,47	1415,15
548,66	1458,15
548,86	1423,34
549,06	1441,77
549,25	1439,72
549,45	1468,39
549,65	1480,68
549,85	1505,26
550,04	1396,71
550,24	1353,71
550,44	1435,63
550,64	1400,81
550,83	1431,53
551,03	1542,12
551,23	1361,90
551,43	1439,72
551,62	1476,59
551,82	1394,67
552,02	1433,58
552,21	1316,84
552,41	1497,07
552,61	1476,59
552,81	1386,47
553,00	1443,82
553,20	1464,30
553,40	1452,01
553,59	1476,59
553,79	1523,69
553,99	1529,83
554,18	1419,24
554,38	1460,20
554,58	1443,82
554,78	1499,11
554,97	1409,00
555,17	1392,62
555,37	1415,15
555,56	1468,39
555,76	1484,78
555,96	1382,38
556,15	1431,53
556,35	1406,95
556,55	1517,54
556,74	1327,08
556,94	1464,30
557,14	1380,33
557,34	1400,81
557,53	1357,80
557,73	1411,05
557,93	1341,42
558,12	1419,24
558,32	1353,71
558,52	1464,30
558,71	1275,88
558,91	1394,67
559,11	1421,29
559,30	1423,34
559,50	1382,38
559,70	1378,28
559,89	1423,34
560,09	1398,76
560,29	1349,61
560,48	1333,23
560,68	1413,10
560,88	1325,04
561,07	1382,38
561,27	1449,96
561,46	1472,49
561,66	1439,72
561,86	1308,65
562,05	1435,63
562,25	1331,18
562,45	1439,72
562,64	1390,57
562,84	1415,15
563,04	1515,50
563,23	1458,15
563,43	1429,48
563,63	1562,60
563,82	1486,83
564,02	1437,67
564,21	1523,69
564,41	1492,97
564,61	1482,73
564,80	1443,82
565,00	1402,86
565,20	1472,49
565,39	1398,76
565,59	1423,34
565,78	1492,97
565,98	1521,64
566,18	1476,59
566,37	1464,30
566,57	1458,15
566,77	1505,26
566,96	1398,76
567,16	1402,86
567,35	1501,16
567,55	1513,45
567,75	1507,30
567,94	1441,77
568,14	1478,63
568,33	1554,41
568,53	1554,41
568,73	1611,75
568,92	1591,27
569,12	1599,46
569,31	1611,75
569,51	1587,18
569,71	1665,00
569,90	1538,02
570,10	1646,57
570,29	1705,96
570,49	1595,37
570,69	1632,23
570,88	1548,26
571,08	1540,07
571,27	1523,69
571,47	1542,12
571,66	1521,64
571,86	1464,30
572,06	1437,67
572,25	1480,68
572,45	1507,30
572,64	1550,31
572,84	1642,47
573,03	1734,63
573,23	1679,33
573,43	1693,67
573,62	1720,29
573,82	1791,97
574,01	1720,29
574,21	1685,48
574,40	1714,15
574,60	1603,56
574,79	1499,11
574,99	1615,85
575,19	1554,41
575,38	1646,57
575,58	1578,98
575,77	1718,25
575,97	1763,30
576,16	1701,86
576,36	1693,67
576,55	1697,77
576,75	1619,94
576,94	1714,15
577,14	1660,90
577,34	1630,18
577,53	1652,71
577,73	1710,05
577,92	1685,48
578,12	1726,44
578,31	1687,53
578,51	1832,93
578,70	1759,21
578,90	1916,90
579,09	1812,45
579,29	1804,26
579,48	1816,55
579,68	1808,36
579,87	1796,07
580,07	1791,97
580,26	1734,63
580,46	1701,86
580,65	1759,21
580,85	1906,66
581,04	2029,54
581,24	2013,15
581,43	2088,93
581,63	2072,54
581,82	2129,89
582,02	1990,63
582,21	2064,35
582,41	2037,73
582,60	1832,93
582,80	1867,75
582,99	1851,36
583,19	1736,68
583,38	1824,74
583,58	1828,84
583,77	1931,23
583,97	1839,08
584,16	1808,36
584,36	1775,59
584,55	1718,25
584,75	1652,71
584,94	1646,57
585,14	1720,29
585,33	1636,33
585,53	1652,71
585,72	1581,03
585,92	1619,94
586,11	1562,60
586,31	1646,57
586,50	1695,72
586,70	1644,52
586,89	1621,99
587,09	1648,61
587,28	1660,90
587,47	1640,42
587,67	1652,71
587,86	1693,67
588,06	1656,81
588,25	1757,16
588,45	1710,05
588,64	1751,01
588,84	1818,60
589,03	1941,47
589,23	1843,17
589,42	1804,26
589,61	1722,34
589,81	1775,59
590,00	1619,94
590,20	1638,38
590,39	1574,89
590,59	1628,14
590,78	1544,17
590,98	1572,84
591,17	1562,60
591,36	1615,85
591,56	1626,09
591,75	1685,48
591,95	1621,99
592,14	1714,15
592,34	1591,27
592,53	1761,25
592,72	1677,29
592,92	1818,60
593,11	1816,55
593,31	1824,74
593,50	1865,70
593,69	1859,56
593,89	1865,70
594,08	1931,23
594,28	1966,05
594,47	1869,80
594,67	1847,27
594,86	1787,88
595,05	1714,15
595,25	1753,06
595,44	1605,61
595,64	1621,99
595,83	1734,63
596,02	1685,48
596,22	1669,09
596,41	1726,44
596,61	1599,46
596,80	1710,05
596,99	1673,19
597,19	1714,15
597,38	1726,44
597,58	1884,13
597,77	1865,70
597,96	1853,41
598,16	1816,55
598,35	1828,84
598,54	1796,07
598,74	1734,63
598,93	1742,82
599,13	1742,82
599,32	1683,43
599,51	1624,04
599,71	1701,86
599,90	1689,57
600,09	1564,65
600,29	1578,98
600,48	1611,75
600,68	1675,24
600,87	1642,47
601,06	1722,34
601,26	1628,14
601,45	1605,61
601,64	1644,52
601,84	1873,89
602,03	1816,55
602,22	1894,37
602,42	1794,02
602,61	1914,85
602,80	1912,80
603,00	2000,87
603,19	1976,29
603,38	2107,36
603,58	1959,91
603,77	1869,80
603,96	1857,51
604,16	1824,74
604,35	1630,18
604,54	1705,96
604,74	1611,75
604,93	1669,09
605,12	1507,30
605,32	1697,77
605,51	1542,12
605,70	1550,31
605,90	1562,60
606,09	1626,09
606,28	1562,60
606,48	1648,61
606,67	1636,33
606,86	1738,73
607,06	1712,10
607,25	1695,72
607,44	1665,00
607,64	1626,09
607,83	1628,14
608,02	1710,05
608,22	1675,24
608,41	1695,72
608,60	1619,94
608,79	1681,38
608,99	1685,48
609,18	1759,21
609,37	1683,43
609,57	1759,21
609,76	1605,61
609,95	1689,57
610,15	1611,75
610,34	1624,04
610,53	1628,14
610,72	1548,26
610,92	1515,50
611,11	1501,16
611,30	1583,08
611,50	1509,35
611,69	1517,54
611,88	1583,08
612,07	1671,14
612,27	1595,37
612,46	1714,15
612,65	1648,61
612,84	1570,79
613,04	1628,14
613,23	1712,10
613,42	1675,24
613,62	1822,69
613,81	1742,82
614,00	1796,07
614,19	1701,86
614,39	1718,25
614,58	1689,57
614,77	1679,33
614,96	1615,85
615,16	1480,68
615,35	1476,59
615,54	1578,98
615,73	1570,79
615,93	1587,18
616,12	1701,86
616,31	1458,15
616,50	1591,27
616,70	1646,57
616,89	1628,14
617,08	1679,33
617,27	1554,41
617,47	1624,04
617,66	1619,94
617,85	1665,00
618,04	1603,56
618,23	1472,49
618,43	1605,61
618,62	1552,36
618,81	1558,50
619,00	1415,15
619,20	1513,45
619,39	1505,26
619,58	1624,04
619,77	1517,54
619,96	1583,08
620,16	1656,81
620,35	1644,52
620,54	1490,92
620,73	1460,20
620,93	1492,97
621,12	1435,63
621,31	1433,58
621,50	1497,07
621,69	1464,30
621,89	1357,80
622,08	1337,32
622,27	1488,87
622,46	1607,66
622,65	1550,31
622,85	1525,74
623,04	1646,57
623,23	1552,36
623,42	1566,70
623,61	1581,03
623,81	1632,23
624,00	1591,27
624,19	1529,83
624,38	1638,38
624,57	1578,98
624,76	1542,12
624,96	1454,06
625,15	1484,78
625,34	1456,11
625,53	1523,69
625,72	1384,43
625,91	1429,48
626,11	1392,62
626,30	1392,62
626,49	1402,86
626,68	1460,20
626,87	1392,62
627,06	1439,72
627,26	1382,38
627,45	1439,72
627,64	1613,80
627,83	1515,50
628,02	1449,96
628,21	1531,88
628,41	1501,16
628,60	1529,83
628,79	1423,34
628,98	1445,87
629,17	1480,68
629,36	1492,97
629,55	1443,82
629,75	1464,30
629,94	1540,07
630,13	1468,39
630,32	1513,45
630,51	1488,87
630,70	1398,76
630,89	1478,63
631,09	1427,43
631,28	1382,38
631,47	1538,02
631,66	1484,78
631,85	1423,34
632,04	1452,01
632,23	1447,91
632,42	1570,79
632,62	1472,49
632,81	1497,07
633,00	1581,03
633,19	1492,97
633,38	1538,02
633,57	1535,98
633,76	1521,64
633,95	1415,15
634,14	1474,54
634,34	1585,13
634,53	1464,30
634,72	1458,15
634,91	1499,11
635,10	1439,72
635,29	1476,59
635,48	1497,07
635,67	1435,63
635,86	1449,96
636,05	1505,26
636,24	1437,67
636,44	1439,72
636,63	1517,54
636,82	1464,30
637,01	1525,74
637,20	1409,00
637,39	1525,74
637,58	1503,21
637,77	1458,15
637,96	1564,65
638,15	1439,72
638,34	1400,81
638,53	1509,35
638,73	1505,26
638,92	1404,91
639,11	1533,93
639,30	1476,59
639,49	1478,63
639,68	1417,19
639,87	1513,45
640,06	1476,59
640,25	1464,30
640,44	1468,39
640,63	1509,35
640,82	1484,78
641,01	1460,20
641,20	1490,92
641,39	1425,39
641,58	1468,39
641,77	1513,45
641,96	1460,20
642,16	1460,20
642,35	1447,91
642,54	1564,65
642,73	1462,25
642,92	1587,18
643,11	1554,41
643,30	1509,35
643,49	1503,21
643,68	1562,60
643,87	1443,82
644,06	1480,68
644,25	1492,97
644,44	1468,39
644,63	1515,50
644,82	1501,16
645,01	1497,07
645,20	1443,82
645,39	1595,37
645,58	1505,26
645,77	1472,49
645,96	1417,19
646,15	1454,06
646,34	1562,60
646,53	1456,11
646,72	1503,21
646,91	1544,17
647,10	1538,02
647,29	1546,22
647,48	1546,22
647,67	1521,64
647,86	1468,39
648,05	1591,27
648,24	1480,68
648,43	1583,08
648,62	1542,12
648,81	1558,50
649,00	1595,37
649,19	1636,33
649,38	1515,50
649,57	1599,46
649,76	1513,45
649,95	1693,67
650,14	1554,41
650,33	1570,79
650,52	1607,66
650,71	1574,89
650,90	1603,56
651,09	1652,71
651,28	1683,43
651,47	1640,42
651,66	1705,96
651,85	1662,95
652,04	1746,92
652,23	1785,83
652,42	1861,60
652,61	1869,80
652,80	2004,96
652,99	1945,57
653,17	1888,23
653,36	1820,64
653,55	1832,93
653,74	1849,32
653,93	1918,95
654,12	1902,56
654,31	2037,73
654,50	2041,82
654,69	2254,81
654,88	2478,04
655,07	2867,16
655,26	4788,15
655,45	15804,17
655,64	50627,84
655,83	65535,00
656,02	65535,00
656,21	65535,00
656,39	65535,00
656,58	65535,00
656,77	65535,00
656,96	65535,00
657,15	65535,00
657,34	65535,00
657,53	65535,00
657,72	65535,00
657,91	65535,00
658,10	65535,00
658,29	65535,00
658,48	65535,00
658,67	65535,00
658,85	65535,00
659,04	65535,00
659,23	65535,00
659,42	65535,00
659,61	65535,00
659,80	65535,00
659,99	65535,00
660,18	65535,00
660,37	65535,00
660,56	65535,00
660,74	65535,00
660,93	65535,00
661,12	65535,00
661,31	65535,00
661,50	65535,00
661,69	65535,00
661,88	65535,00
662,07	55489,71
662,26	29589,05
662,44	1763,30
662,63	1775,59
662,82	1572,84
663,01	1669,09
663,20	1587,18
663,39	1578,98
663,58	1581,03
663,77	1550,31
663,95	1562,60
664,14	1562,60
664,33	1492,97
664,52	1538,02
664,71	1525,74
664,90	1531,88
665,09	1497,07
665,27	1525,74
665,46	1464,30
665,65	1482,73
665,84	1464,30
666,03	1513,45
666,22	1529,83
666,41	1529,83
666,59	1406,95
666,78	1398,76
666,97	1417,19
667,16	1349,61
667,35	1384,43
667,54	1435,63
667,72	1456,11
667,91	1427,43
668,10	1521,64
668,29	1488,87
668,48	1488,87
668,67	1435,63
668,85	1449,96
669,04	1564,65
669,23	1415,15
669,42	1466,35
669,61	1425,39
669,80	1454,06
669,98	1466,35
670,17	1464,30
670,36	1392,62
670,55	1325,04
670,74	1415,15
670,92	1531,88
671,11	1419,24
671,30	1452,01
671,49	1484,78
671,68	1456,11
671,86	1378,28
672,05	1538,02
672,24	1423,34
672,43	1400,81
672,62	1427,43
672,80	1411,05
672,99	1409,00
673,18	1351,66
673,37	1349,61
673,56	1394,67
673,74	1368,04
673,93	1419,24
674,12	1398,76
674,31	1402,86
674,50	1402,86
674,68	1341,42
674,87	1439,72
675,06	1411,05
675,25	1392,62
675,43	1374,19
675,62	1322,99
675,81	1431,53
676,00	1374,19
676,19	1501,16
676,37	1368,04
676,56	1359,85
676,75	1370,09
676,94	1380,33
677,12	1357,80
677,31	1341,42
677,50	1370,09
677,69	1390,57
677,87	1331,18
678,06	1402,86
678,25	1271,79
678,44	1402,86
678,62	1316,84
678,81	1423,34
679,00	1378,28
679,19	1380,33
679,37	1337,32
679,56	1308,65
679,75	1445,87
679,94	1423,34
680,12	1325,04
680,31	1357,80
680,50	1419,24
680,68	1279,98
680,87	1345,52
681,06	1449,96
681,25	1404,91
681,43	1382,38
681,62	1423,34
681,81	1374,19
682,00	1366,00
682,18	1329,13
682,37	1308,65
682,56	1316,84
682,74	1302,51
682,93	1337,32
683,12	1378,28
683,31	1349,61
683,49	1374,19
683,68	1345,52
683,87	1366,00
684,05	1335,28
684,24	1368,04
684,43	1431,53
684,61	1349,61
684,80	1353,71
684,99	1333,23
685,18	1374,19
685,36	1296,36
685,55	1333,23
685,74	1308,65
685,92	1325,04
686,11	1447,91
686,30	1349,61
686,48	1398,76
686,67	1357,80
686,86	1353,71
687,04	1349,61
687,23	1314,80
687,42	1337,32
687,60	1325,04
687,79	1329,13
687,98	1310,70
688,16	1390,57
688,35	1378,28
688,54	1488,87
688,72	1701,86
688,91	1308,65
689,10	1327,08
689,28	1320,94
689,47	1423,34
689,66	1382,38
689,84	1327,08
690,03	1249,26
690,22	1386,47
690,40	1316,84
690,59	1435,63
690,78	1288,17
690,96	1335,28
691,15	1312,75
691,34	1411,05
691,52	1325,04
691,71	1267,69
691,89	1347,56
692,08	1251,31
692,27	1292,27
692,45	1359,85
692,64	1368,04
692,83	1292,27
693,01	1341,42
693,20	1390,57
693,38	1333,23
693,57	1325,04
693,76	1357,80
693,94	1368,04
694,13	1421,29
694,32	1333,23
694,50	1341,42
694,69	1353,71
694,87	1411,05
695,06	1263,60
695,25	1284,08
695,43	1376,24
695,62	1335,28
695,80	1382,38
695,99	1279,98
696,18	1409,00
696,36	1384,43
696,55	1374,19
696,73	1366,00
696,92	1431,53
697,11	1345,52
697,29	1302,51
697,48	1333,23
697,66	1462,25
697,85	1341,42
698,04	1302,51
698,22	1378,28
698,41	1288,17
698,59	1361,90
698,78	1316,84
698,96	1236,97
699,15	1363,95
699,34	1245,16
699,52	1333,23
699,71	1378,28
699,89	1343,47
700,08	1366,00
700,26	1392,62
700,45	1439,72
700,64	1441,77
700,82	1325,04
701,01	1310,70
701,19	1333,23
701,38	1275,88
701,56	1243,12
701,75	1288,17
701,93	1310,70
702,12	1351,66
702,31	1335,28
702,49	1275,88
702,68	1382,38
702,86	1327,08
703,05	1421,29
703,23	1318,89
703,42	1497,07
703,60	1333,23
703,79	1329,13
703,97	1386,47
704,16	1392,62
704,34	1345,52
704,53	1353,71
704,72	1353,71
704,90	1441,77
705,09	1333,23
705,27	1341,42
705,46	1337,32
705,64	1423,34
705,83	1277,93
706,01	1296,36
706,20	1292,27
706,38	1398,76
706,57	1351,66
706,75	1384,43
706,94	1400,81
707,12	1361,90
707,31	1296,36
707,49	1349,61
707,68	1423,34
707,86	1368,04
708,05	1370,09
708,23	1357,80
708,42	1372,14
708,60	1357,80
708,79	1361,90
708,97	1366,00
709,16	1423,34
709,34	1347,56
709,53	1282,03
709,71	1394,67
709,90	1374,19
710,08	1415,15
710,27	1288,17
710,45	1349,61
710,64	1349,61
710,82	1284,08
711,00	1638,38
711,19	1316,84
711,37	1300,46
711,56	1300,46
711,74	1366,00
711,93	1341,42
712,11	1363,95
712,30	1331,18
712,48	1308,65
712,67	1449,96
712,85	1259,50
713,04	1290,22
713,22	1341,42
713,40	1343,47
713,59	1329,13
713,77	1292,27
713,96	1282,03
714,14	1419,24
714,33	1409,00
714,51	1320,94
714,70	1245,16
714,88	1331,18
715,06	1357,80
715,25	1329,13
715,43	1361,90
715,62	1284,08
715,80	1284,08
715,99	1294,32
716,17	1247,21
716,35	1353,71
716,54	1392,62
716,72	1355,76
716,91	1361,90
717,09	1415,15
717,28	1361,90
717,46	1452,01
717,64	1325,04
717,83	1349,61
718,01	1286,12
718,20	1325,04
718,38	1394,67
718,56	1400,81
718,75	1394,67
718,93	1349,61
719,12	1349,61
719,30	1429,48
719,48	1294,32
719,67	1339,37
719,85	1366,00
720,04	1390,57
720,22	1370,09
720,40	1277,93
720,59	1441,77
720,77	1402,86
720,96	1402,86
721,14	1284,08
721,32	1322,99
721,51	1384,43
721,69	1349,61
721,87	1300,46
722,06	1333,23
722,24	1404,91
722,43	1347,56
722,61	1411,05
722,79	1363,95
722,98	1335,28
723,16	1357,80
723,34	1343,47
723,53	1341,42
723,71	1384,43
723,90	1378,28
724,08	1425,39
724,26	1359,85
724,45	1376,24
724,63	1357,80
724,81	1394,67
725,00	1384,43
725,18	1419,24
725,36	1409,00
725,55	1341,42
725,73	1378,28
725,91	1454,06
726,10	1341,42
726,28	1447,91
726,46	1398,76
726,65	1398,76
726,83	1470,44
727,01	1366,00
727,20	1447,91
727,38	1386,47
727,56	1425,39
727,75	1427,43
727,93	1343,47
728,11	1363,95
728,30	1388,52
728,48	1322,99
728,66	1333,23
728,85	1302,51
729,03	1456,11
729,21	1384,43
729,40	1423,34
729,58	1406,95
729,76	1333,23
729,94	1376,24
730,13	1476,59
730,31	1374,19
730,49	1398,76
730,68	1384,43
730,86	1372,14
731,04	1452,01
731,23	1468,39
731,41	1439,72
731,59	1380,33
731,77	1507,30
731,96	1423,34
732,14	1484,78
732,32	1433,58
732,51	1386,47
732,69	1349,61
732,87	1349,61
733,05	1415,15
733,24	1366,00
733,42	1423,34
733,60	1341,42
733,79	1347,56
733,97	1300,46
734,15	1351,66
734,33	1439,72
734,52	1386,47
734,70	1398,76
734,88	1417,19
735,06	1421,29
735,25	1361,90
735,43	1341,42
735,61	1366,00
735,79	1386,47
735,98	1409,00
736,16	1615,85
736,34	1382,38
736,52	1443,82
736,71	1406,95
736,89	1372,14
737,07	1406,95
737,25	1320,94
737,44	1259,50
737,62	1394,67
737,80	1357,80
737,98	1341,42
738,17	1335,28
738,35	1302,51
738,53	1406,95
738,71	1382,38
738,89	1390,57
739,08	1409,00
739,26	1294,32
739,44	1341,42
739,62	1406,95
739,81	1411,05
739,99	1384,43
740,17	1349,61
740,35	1265,64
740,53	1384,43
740,72	1384,43
740,90	1345,52
741,08	1327,08
741,26	1318,89
741,44	1312,75
741,63	1374,19
741,81	1349,61
741,99	1318,89
742,17	1368,04
742,35	1411,05
742,54	1292,27
742,72	1382,38
742,90	1349,61
743,08	1269,74
743,26	1359,85
743,45	1425,39
743,63	1288,17
743,81	1329,13
743,99	1322,99
744,17	1292,27
744,35	1275,88
744,54	1402,86
744,72	1419,24
744,90	1423,34
745,08	1427,43
745,26	1439,72
745,44	1363,95
745,63	1402,86
745,81	1345,52
745,99	1425,39
746,17	1390,57
746,35	1384,43
746,53	1357,80
746,72	1345,52
746,90	1374,19
747,08	1370,09
747,26	1415,15
747,44	1488,87
747,62	1497,07
747,81	1353,71
747,99	1318,89
748,17	1349,61
748,35	1396,71
748,53	1341,42
748,71	1406,95
748,89	1355,76
749,07	1400,81
749,26	1333,23
749,44	1366,00
749,62	1341,42
749,80	1431,53
749,98	1316,84
750,16	1394,67
750,34	1435,63
750,52	1374,19
750,71	1316,84
750,89	1349,61
751,07	1345,52
751,25	1251,31
751,43	1257,45
751,61	1353,71
751,79	1284,08
751,97	1271,79
752,15	1384,43
752,34	1343,47
752,52	1322,99
752,70	1345,52
752,88	1456,11
753,06	1333,23
753,24	1357,80
753,42	1363,95
753,60	1417,19
753,78	1341,42
753,96	1447,91
754,15	1445,87
754,33	1431,53
754,51	1349,61
754,69	1400,81
754,87	1433,58
755,05	1368,04
755,23	1368,04
755,41	1218,54
755,59	1284,08
755,77	1335,28
755,95	1327,08
756,13	1366,00
756,31	1318,89
756,50	1320,94
756,68	1390,57
756,86	1351,66
757,04	1368,04
757,22	1384,43
757,40	1337,32
757,58	1284,08
757,76	1435,63
757,94	1349,61
758,12	1427,43
758,30	1394,67
758,48	1306,60
758,66	1366,00
758,84	1388,52
759,02	1374,19
759,20	1429,48
759,38	1456,11
759,56	1376,24
759,74	1472,49
759,92	1390,57
760,10	1406,95
760,28	1378,28
760,47	1370,09
760,65	1390,57
760,83	1501,16
761,01	1374,19
761,19	1443,82
761,37	1351,66
761,55	1392,62
761,73	1296,36
761,91	1325,04
762,09	1406,95
762,27	1351,66
762,45	1378,28
762,63	1349,61
762,81	1392,62
762,99	1345,52
763,17	1325,04
763,35	1386,47
763,53	1296,36
763,71	1314,80
763,89	1583,08
764,07	1384,43
764,25	1417,19
764,43	1374,19
764,61	1349,61
764,79	1316,84
764,97	1355,76
765,15	1447,91
765,33	1394,67
765,51	1382,38
765,69	1347,56
765,87	1298,41
766,05	1343,47
766,23	1431,53
766,41	1400,81
766,58	1480,68
766,76	1327,08
766,94	1286,12
767,12	1423,34
767,30	1386,47
767,48	1316,84
767,66	1316,84
767,84	1363,95
768,02	1474,54
768,20	1390,57
768,38	1396,71
768,56	1388,52
768,74	1366,00
768,92	1380,33
769,10	1370,09
769,28	1400,81
769,46	1439,72
769,64	1441,77
769,82	1460,20
770,00	1366,00
770,18	1394,67
770,36	1357,80
770,53	1349,61
770,71	1361,90
770,89	1423,34
771,07	1339,37
771,25	1314,80
771,43	1384,43
771,61	1302,51
771,79	1267,69
771,97	1300,46
772,15	1359,85
772,33	1353,71
772,51	1329,13
772,69	1337,32
772,86	1325,04
773,04	1320,94
773,22	1423,34
773,40	1378,28
773,58	1337,32
773,76	1390,57
773,94	1204,21
774,12	1327,08
774,30	1333,23
774,48	1345,52
774,65	1325,04
774,83	1302,51
775,01	1333,23
775,19	1398,76
775,37	1267,69
775,55	1382,38
775,73	1316,84
775,91	1335,28
776,09	1406,95
776,26	1333,23
776,44	1296,36
776,62	1341,42
776,80	1292,27
776,98	1300,46
777,16	1247,21
777,34	1333,23
777,52	1335,28
777,69	1372,14
777,87	1347,56
778,05	1329,13
778,23	1284,08
778,41	1384,43
778,59	1341,42
778,77	1255,40
778,94	1359,85
779,12	1357,80
779,30	1366,00
779,48	1341,42
779,66	1337,32
779,84	1333,23
780,02	1331,18
780,19	1380,33
780,37	1368,04
780,55	1415,15
780,73	1390,57
780,91	1447,91
781,09	1404,91
781,26	1398,76
781,44	1292,27
781,62	1333,23
781,80	1300,46
781,98	1374,19
782,16	1312,75
782,33	1333,23
782,51	1368,04
782,69	1236,97
782,87	1333,23
783,05	1325,04
783,22	1423,34
783,40	1253,36
783,58	1310,70
783,76	1398,76
783,94	1359,85
784,12	1351,66
784,29	1363,95
784,47	1400,81
784,65	1327,08
784,83	1343,47
785,01	1359,85
785,18	1392,62
785,36	1247,21
785,54	1329,13
785,72	1308,65
785,89	1333,23
786,07	1316,84
786,25	1351,66
786,43	1366,00
786,61	1288,17
786,78	1247,21
786,96	1314,80
787,14	1320,94
787,32	1376,24
787,49	1380,33
787,67	1267,69
787,85	1296,36
788,03	1284,08
788,21	1378,28
788,38	1271,79
788,56	1300,46
788,74	1308,65
788,92	1394,67
789,09	1316,84
789,27	1359,85
789,45	1361,90
789,63	1333,23
789,80	1353,71
789,98	1378,28
790,16	1398,76
790,34	1357,80
790,51	1325,04
790,69	1325,04
790,87	1296,36
791,05	1318,89
791,22	1359,85
791,40	1320,94
791,58	1302,51
791,76	1398,76
791,93	1443,82
792,11	1376,24
792,29	1275,88
792,46	1234,93
792,64	1341,42
792,82	1359,85
793,00	1300,46
793,17	1294,32
793,35	1357,80
793,53	1357,80
793,70	1318,89
793,88	1386,47
794,06	1333,23
794,24	1431,53
794,41	1353,71
794,59	1290,22
794,77	1345,52
794,94	1282,03
795,12	1370,09
795,30	1353,71
795,47	1357,80
795,65	1271,79
795,83	1320,94
796,01	1316,84
796,18	1394,67
796,36	1325,04
796,54	1333,23
796,71	1357,80
796,89	1320,94
797,07	1331,18
797,24	1357,80
797,42	1398,76
797,60	1433,58
797,77	1366,00
797,95	1329,13
798,13	1349,61
798,30	1308,65
798,48	1286,12
798,66	1374,19
798,83	1359,85
799,01	1341,42
799,19	1398,76
799,36	1316,84
799,54	1398,76
799,72	1349,61
799,89	1304,56
800,07	1349,61
800,25	1298,41
800,42	1263,60
800,60	1341,42
800,78	1349,61
800,95	1333,23
801,13	1294,32
801,30	1255,40
801,48	1269,74
801,66	1335,28
801,83	1357,80
802,01	1325,04
802,19	1228,78
802,36	1267,69
802,54	1357,80
802,72	1341,42
802,89	1376,24
803,07	1259,50
803,24	1343,47
803,42	1298,41
803,60	1275,88
803,77	1288,17
803,95	1312,75
804,12	1331,18
804,30	1255,40
804,48	1341,42
804,65	1316,84
804,83	1300,46
805,01	1400,81
805,18	1302,51
805,36	1368,04
805,53	1282,03
805,71	1361,90
805,88	1329,13
806,06	1425,39
806,24	1300,46
806,41	1341,42
806,59	1275,88
806,76	1243,12
806,94	1357,80
807,12	1277,93
807,29	1366,00
807,47	1322,99
807,64	1351,66
807,82	1398,76
807,99	1269,74
808,17	1384,43
808,35	1296,36
808,52	1370,09
808,70	1333,23
808,87	1347,56
809,05	1341,42
809,22	1288,17
809,40	1327,08
809,58	1341,42
809,75	1202,16
809,93	1304,56
810,10	1331,18
810,28	1263,60
810,45	1300,46
810,63	1337,32
810,80	1339,37
810,98	1357,80
811,15	1308,65
811,33	1398,76
811,51	1316,84
811,68	1189,87
811,86	1259,50
812,03	1361,90
812,21	1284,08
812,38	1341,42
812,56	1343,47
812,73	1259,50
812,91	1335,28
813,08	1316,84
813,26	1310,70
813,43	1329,13
813,61	1361,90
813,78	1341,42
813,96	1382,38
814,13	1296,36
814,31	1296,36
814,48	1263,60
814,66	1292,27
814,83	1308,65
815,01	1318,89
815,18	1341,42
815,36	1353,71
815,53	1284,08
815,71	1292,27
815,88	1308,65
816,06	1357,80
816,23	1282,03
816,41	1226,73
816,58	1329,13
816,76	1548,26
816,93	1296,36
817,11	1300,46
817,28	1277,93
817,46	1366,00
817,63	1247,21
817,81	1318,89
817,98	1351,66
818,16	1267,69
818,33	1376,24
818,51	1361,90
818,68	1275,88
818,86	1325,04
819,03	1239,02
819,21	1259,50
819,38	1310,70
819,55	1273,84
819,73	1318,89
819,90	1298,41
820,08	1271,79
820,25	1374,19
820,43	1329,13
820,60	1308,65
820,78	1337,32
820,95	1298,41
821,12	1251,31
821,30	1370,09
821,47	1300,46
821,65	1433,58
821,82	1312,75
822,00	1275,88
822,17	1386,47
822,35	1312,75
822,52	1347,56
822,69	1349,61
822,87	1292,27
823,04	1300,46
823,22	1275,88
823,39	1333,23
823,56	1406,95
823,74	1325,04
823,91	1341,42
824,09	1292,27
824,26	1259,50
824,44	1335,28
824,61	1366,00
824,78	1316,84
824,96	1251,31
825,13	1308,65
825,31	1279,98
825,48	1349,61
825,65	1325,04
825,83	1302,51
826,00	1292,27
826,18	1327,08
826,35	1394,67
826,52	1343,47
826,70	1259,50
826,87	1341,42
827,04	1267,69
827,22	1284,08
827,39	1310,70
827,57	1341,42
827,74	1286,12
827,91	1218,54
828,09	1292,27
828,26	1226,73
828,43	1310,70
828,61	1267,69
828,78	1355,76
828,96	1322,99
829,13	1327,08
829,30	1325,04
829,48	1259,50
829,65	1390,57
829,82	1318,89
830,00	1302,51
830,17	1179,63
830,34	1312,75
830,52	1271,79
830,69	1263,60
830,86	1310,70
831,04	1288,17
831,21	1339,37
831,38	1273,84
831,56	1320,94
831,73	1284,08
831,90	1347,56
832,08	1310,70
832,25	1302,51
832,42	1277,93
832,60	1335,28
832,77	1333,23
832,94	1325,04
833,12	1312,75
833,29	1302,51
833,46	1279,98
833,64	1337,32
833,81	1271,79
833,98	1396,71
834,16	1359,85
834,33	1361,90
834,50	1357,80
834,67	1302,51
834,85	1302,51
835,02	1247,21
835,19	1331,18
835,37	1271,79
835,54	1327,08
835,71	1382,38
835,89	1251,31
836,06	1392,62
836,23	1337,32
836,40	1351,66
836,58	1349,61
836,75	1396,71
836,92	1284,08
837,10	1275,88
837,27	1294,32
837,44	1327,08
837,61	1325,04
837,79	1267,69
837,96	1267,69
838,13	1349,61
838,30	1269,74
838,48	1343,47
838,65	1239,02
838,82	1325,04
838,99	1353,71
839,17	1325,04
839,34	1269,74
839,51	1259,50
839,69	1267,69
839,86	1325,04
840,03	1409,00
840,20	1263,60
840,37	1302,51
840,55	1288,17
840,72	1310,70
840,89	1304,56
841,06	1327,08
841,24	1349,61
841,41	1386,47
841,58	1292,27
841,75	1382,38
841,93	1386,47
842,10	1275,88
842,27	1241,07
842,44	1308,65
842,62	1267,69
842,79	1337,32
842,96	1267,69
843,13	1247,21
843,30	1339,37
843,48	1390,57
843,65	1417,19
843,82	1351,66
843,99	1234,93
844,16	1314,80
844,34	1302,51
844,51	1341,42
844,68	1357,80
844,85	1306,60
845,02	1302,51
845,20	1275,88
845,37	1312,75
845,54	1347,56
845,71	1196,01
845,88	1333,23
846,06	1392,62
846,23	1318,89
846,40	1308,65
846,57	1337,32
846,74	1378,28
846,91	1300,46
847,09	1298,41
847,26	1271,79
847,43	1370,09
847,60	1366,00
847,77	1333,23
847,94	1366,00
848,12	1316,84
848,29	1284,08
848,46	1234,93
848,63	1275,88
848,80	1339,37
848,97	1318,89
849,15	1370,09
849,32	1296,36
849,49	1275,88
849,66	1335,28
849,83	1296,36
850,00	1269,74
850,17	1325,04
850,35	1314,80
850,52	1351,66
850,69	1294,32
850,86	1261,55
851,03	1298,41
851,20	1300,46
851,37	1320,94
851,55	1284,08
851,72	1378,28
851,89	1325,04
852,06	1294,32
852,23	1343,47
852,40	1329,13
852,57	1294,32
852,74	1347,56
852,92	1259,50
853,09	1249,26
853,26	1355,76
853,43	1359,85
853,60	1318,89
853,77	1398,76
853,94	1284,08
854,11	1296,36
854,28	1628,14
854,45	1398,76
854,63	1337,32
854,80	1325,04
854,97	1329,13
855,14	1325,04
855,31	1271,79
855,48	1333,23
855,65	1210,35
855,82	1345,52
855,99	1263,60
856,16	1304,56
856,33	1361,90
856,50	1253,36
856,68	1292,27
856,85	1370,09
857,02	1290,22
857,19	1259,50
857,36	1366,00
857,53	1275,88
857,70	1343,47
857,87	1333,23
858,04	1286,12
858,21	1304,56
858,38	1275,88
858,55	1406,95
858,72	1382,38
858,89	1320,94
859,06	1374,19
859,23	1345,52
859,40	1415,15
859,58	1267,69
859,75	1318,89
859,92	1304,56
860,09	1353,71
860,26	1312,75
860,43	1349,61
860,60	1359,85
860,77	1271,79
860,94	1296,36
861,11	1349,61
861,28	1329,13
861,45	1359,85
861,62	1306,60
861,79	1284,08
861,96	1290,22
862,13	1316,84
862,30	1331,18
862,47	1271,79
862,64	1357,80
862,81	1286,12
862,98	1241,07
863,15	1251,31
863,32	1353,71
863,49	1296,36
863,66	1279,98
863,83	1341,42
864,00	1206,25
864,17	1335,28
864,34	1353,71
864,51	1294,32
864,68	1368,04
864,85	1376,24
865,02	1288,17
865,19	1269,74
865,36	1308,65
865,53	1312,75
865,70	1327,08
865,87	1366,00
866,04	1322,99
866,21	1292,27
866,38	1359,85
866,55	1189,87
866,72	1333,23
866,89	1429,48
867,06	1316,84
867,23	1271,79
867,40	1286,12
867,57	1374,19
867,73	1302,51
867,90	1343,47
868,07	1345,52
868,24	1273,84
868,41	1366,00
868,58	1316,84
868,75	1366,00
868,92	1316,84
869,09	1325,04
869,26	1292,27
869,43	1331,18
869,60	1329,13
869,77	1341,42
869,94	1322,99
870,11	1366,00
870,28	1318,89
870,45	1257,45
870,61	1327,08
870,78	1236,97
870,95	1351,66
871,12	1239,02
871,29	1361,90
871,46	1374,19
871,63	1353,71
871,80	1275,88
871,97	1308,65
872,14	1318,89
872,31	1409,00
872,47	1279,98
872,64	1306,60
872,81	1333,23
872,98	1304,56
873,15	1232,88
873,32	1335,28
873,49	1333,23
873,66	1415,15
873,83	1353,71
874,00	1374,19
874,16	1261,55
874,33	1370,09
874,50	1288,17
874,67	1292,27
874,84	1239,02
875,01	1378,28
875,18	1296,36
875,35	1310,70
875,51	1282,03
875,68	1341,42
875,85	1251,31
876,02	1370,09
876,19	1310,70
876,36	1351,66
876,53	1298,41
876,69	1325,04
876,86	1349,61
877,03	1349,61
877,20	1343,47
877,37	1382,38
877,54	1302,51
877,71	1312,75
877,87	1292,27
878,04	1300,46
878,21	1271,79
878,38	1284,08
878,55	1277,93
878,72	1300,46
878,88	1376,24
879,05	1378,28
879,22	1339,37
879,39	1345,52
879,56	1368,04
879,73	1284,08
879,89	1310,70
880,06	1359,85
880,23	1300,46
880,40	1302,51
880,57	1294,32
880,74	1353,71
880,90	1294,32
881,07	1316,84
881,24	1349,61
881,41	1312,75
881,58	1316,84
881,74	1296,36
881,91	1296,36
882,08	1376,24
882,25	1349,61
882,42	1308,65
882,58	1427,43
882,75	1325,04
882,92	1316,84
883,09	1343,47
883,26	1341,42
883,42	1320,94
883,59	1300,46
883,76	1263,60
883,93	1341,42
884,09	1261,55
884,26	1345,52
884,43	1380,33
884,60	1351,66
884,77	1376,24
884,93	1320,94
885,10	1314,80
885,27	1333,23
885,44	1361,90
885,60	1468,39
885,77	1300,46
885,94	1335,28
886,11	1359,85
886,27	1300,46
886,44	1439,72
886,61	1345,52
886,78	1275,88
886,94	1351,66
887,11	1390,57
887,28	1228,78
887,45	1300,46
887,61	1368,04
887,78	1370,09
887,95	1269,74
888,12	1292,27
888,28	1337,32
888,45	1310,70
888,62	1288,17
888,78	1286,12
888,95	1359,85
889,12	1292,27
889,29	1292,27
889,45	1286,12
889,62	1384,43
889,79	1325,04
889,95	1300,46
890,12	1300,46
890,29	1325,04
890,46	1325,04
890,62	1322,99
