178,13	1202,16
178,35	1202,16
178,57	1202,16
178,78	1161,20
179,00	1243,12
179,22	1288,17
179,44	1300,46
179,66	1341,42
179,87	1357,80
180,09	1378,28
180,31	1378,28
180,53	1349,61
180,75	1331,18
180,96	1304,56
181,18	1368,04
181,40	1376,24
181,62	1376,24
181,84	1333,23
182,05	1320,94
182,27	1329,13
182,49	1329,13
182,71	1331,18
182,92	1329,13
183,14	1316,84
183,36	1366,00
183,58	1288,17
183,80	1411,05
184,01	1337,32
184,23	1439,72
184,45	1415,15
184,67	1292,27
184,89	1404,91
185,10	1333,23
185,32	1353,71
185,54	1378,28
185,76	1341,42
185,97	1398,76
186,19	1296,36
186,41	1398,76
186,63	1316,84
186,84	1296,36
187,06	1343,47
187,28	1370,09
187,50	1343,47
187,72	1386,47
187,93	1400,81
188,15	1302,51
188,37	1341,42
188,59	1286,12
188,80	1392,62
189,02	1327,08
189,24	1343,47
189,46	1312,75
189,67	1398,76
189,89	1333,23
190,11	1316,84
190,33	1425,39
190,54	1427,43
190,76	1376,24
190,98	1349,61
191,20	1376,24
191,41	1345,52
191,63	1484,78
191,85	1349,61
192,07	1384,43
192,28	1374,19
192,50	1386,47
192,72	1357,80
192,94	1406,95
193,15	1275,88
193,37	1392,62
193,59	1484,78
193,81	1443,82
194,02	1341,42
194,24	1347,56
194,46	1322,99
194,67	1431,53
194,89	1333,23
195,11	1382,38
195,33	1423,34
195,54	1406,95
195,76	1384,43
195,98	1361,90
196,20	1357,80
196,41	1349,61
196,63	1325,04
196,85	1374,19
197,06	1304,56
197,28	1368,04
197,50	1312,75
197,72	1325,04
197,93	1376,24
198,15	1345,52
198,37	1335,28
198,58	1359,85
198,80	1415,15
199,02	1386,47
199,24	1316,84
199,45	1347,56
199,67	1349,61
199,89	1351,66
200,10	1370,09
200,32	1277,93
200,54	1306,60
200,76	1386,47
200,97	1384,43
201,19	1351,66
201,41	1363,95
201,62	1292,27
201,84	1404,91
202,06	1335,28
202,28	1335,28
202,49	1361,90
202,71	1447,91
202,93	1406,95
203,14	1353,71
203,36	1343,47
203,58	1343,47
203,79	1284,08
204,01	1333,23
204,23	1374,19
204,44	1394,67
204,66	1243,12
204,88	1402,86
205,10	1325,04
205,31	1318,89
205,53	1357,80
205,75	1417,19
205,96	1378,28
206,18	1308,65
206,40	1300,46
206,61	1300,46
206,83	1294,32
207,05	1279,98
207,26	1284,08
207,48	1335,28
207,70	1390,57
207,91	1349,61
208,13	1294,32
208,35	1320,94
208,56	1300,46
208,78	1359,85
209,00	1349,61
209,21	1376,24
209,43	1431,53
209,65	1415,15
209,86	1417,19
210,08	1366,00
210,30	1439,72
210,51	1310,70
210,73	1345,52
210,95	1335,28
211,16	1398,76
211,38	1384,43
211,60	1294,32
211,81	1402,86
212,03	1359,85
212,25	1366,00
212,46	1398,76
212,68	1374,19
212,90	1302,51
213,11	1361,90
213,33	1384,43
213,55	1423,34
213,76	1417,19
213,98	1296,36
214,20	1341,42
214,41	1292,27
214,63	1425,39
214,84	1327,08
215,06	1374,19
215,28	1425,39
215,49	1325,04
215,71	1400,81
215,93	1402,86
216,14	1310,70
216,36	1318,89
216,58	1374,19
216,79	1359,85
217,01	1366,00
217,22	1292,27
217,44	1439,72
217,66	1431,53
217,87	1363,95
218,09	1329,13
218,31	1284,08
218,52	1419,24
218,74	1343,47
218,95	1343,47
219,17	1329,13
219,39	1325,04
219,60	1454,06
219,82	1306,60
220,04	1441,77
220,25	1366,00
220,47	1341,42
220,68	1384,43
220,90	1409,00
221,12	1322,99
221,33	1329,13
221,55	1392,62
221,77	1316,84
221,98	1411,05
222,20	1349,61
222,41	1366,00
222,63	1357,80
222,85	1419,24
223,06	1353,71
223,28	1353,71
223,49	1279,98
223,71	1343,47
223,93	1349,61
224,14	1390,57
224,36	1425,39
224,57	1320,94
224,79	1388,52
225,01	1366,00
225,22	1382,38
225,44	1316,84
225,65	1316,84
225,87	1374,19
226,09	1361,90
226,30	1443,82
226,52	1366,00
226,73	1275,88
226,95	1423,34
227,17	1415,15
227,38	1286,12
227,60	1431,53
227,81	1325,04
228,03	1394,67
228,24	1421,29
228,46	1357,80
228,68	1302,51
228,89	1333,23
229,11	1279,98
229,32	1308,65
229,54	1239,02
229,75	1335,28
229,97	1394,67
230,19	1333,23
230,40	1294,32
230,62	1296,36
230,83	1337,32
231,05	1398,76
231,26	1345,52
231,48	1382,38
231,70	1443,82
231,91	1308,65
232,13	1366,00
232,34	1400,81
232,56	1308,65
232,77	1366,00
232,99	1308,65
233,21	1523,69
233,42	1341,42
233,64	1402,86
233,85	1296,36
234,07	1325,04
234,28	1427,43
234,50	1363,95
234,71	1316,84
234,93	1415,15
235,15	1277,93
235,36	1333,23
235,58	1398,76
235,79	1368,04
236,01	1382,38
236,22	1447,91
236,44	1441,77
236,65	1304,56
236,87	1370,09
237,08	1316,84
237,30	1368,04
237,52	1357,80
237,73	1300,46
237,95	1415,15
238,16	1275,88
238,38	1351,66
238,59	1277,93
238,81	1415,15
239,02	1327,08
239,24	1425,39
239,45	1351,66
239,67	1415,15
239,88	1335,28
240,10	1341,42
240,31	1343,47
240,53	1275,88
240,74	1341,42
240,96	1400,81
241,18	1382,38
241,39	1236,97
241,61	1394,67
241,82	1255,40
242,04	1335,28
242,25	1374,19
242,47	1366,00
242,68	1271,79
242,90	1320,94
243,11	1275,88
243,33	1308,65
243,54	1411,05
243,76	1277,93
243,97	1433,58
244,19	1333,23
244,40	1357,80
244,62	1345,52
244,83	1343,47
245,05	1318,89
245,26	1275,88
245,48	1370,09
245,69	1302,51
245,91	1230,83
246,12	1263,60
246,34	1398,76
246,55	1351,66
246,77	1275,88
246,98	1292,27
247,20	1333,23
247,41	1349,61
247,63	1406,95
247,84	1374,19
248,06	1468,39
248,27	1282,03
248,49	1310,70
248,70	1335,28
248,92	1316,84
249,13	1308,65
249,35	1341,42
249,56	1296,36
249,78	1277,93
249,99	1417,19
250,21	1472,49
250,42	1374,19
250,64	1390,57
250,85	1382,38
251,06	1370,09
251,28	1343,47
251,49	1390,57
251,71	1386,47
251,92	1308,65
252,14	1417,19
252,35	1284,08
252,57	1394,67
252,78	1472,49
253,00	1325,04
253,21	1261,55
253,43	1366,00
253,64	1318,89
253,86	1243,12
254,07	1259,50
254,28	1349,61
254,50	1447,91
254,71	1284,08
254,93	1312,75
255,14	1366,00
255,36	1357,80
255,57	1341,42
255,79	1271,79
256,00	1425,39
256,22	1353,71
256,43	1400,81
256,64	1353,71
256,86	1415,15
257,07	1304,56
257,29	1341,42
257,50	1368,04
257,72	1318,89
257,93	1322,99
258,15	1439,72
258,36	1239,02
258,57	1384,43
258,79	1320,94
259,00	1374,19
259,22	1318,89
259,43	1308,65
259,65	1329,13
259,86	1357,80
260,08	1251,31
260,29	1572,84
260,50	1288,17
260,72	1654,76
260,93	1292,27
261,15	1294,32
261,36	1341,42
261,58	1288,17
261,79	1337,32
262,00	1368,04
262,22	1390,57
262,43	1361,90
262,65	1312,75
262,86	1341,42
263,07	1361,90
263,29	1415,15
263,50	1406,95
263,72	1392,62
263,93	1308,65
264,15	1341,42
264,36	1284,08
264,57	1320,94
264,79	1361,90
265,00	1243,12
265,22	1333,23
265,43	1368,04
265,64	1312,75
265,86	1351,66
266,07	1390,57
266,29	1343,47
266,50	1218,54
266,71	1423,34
266,93	1349,61
267,14	1378,28
267,36	1341,42
267,57	1406,95
267,78	1357,80
268,00	1431,53
268,21	1427,43
268,43	1433,58
268,64	1335,28
268,85	1267,69
269,07	1402,86
269,28	1322,99
269,50	1286,12
269,71	1316,84
269,92	1378,28
270,14	1390,57
270,35	1316,84
270,56	1415,15
270,78	1443,82
270,99	1343,47
271,21	1314,80
271,42	1357,80
271,63	1411,05
271,85	1368,04
272,06	1353,71
272,27	1374,19
272,49	1294,32
272,70	1351,66
272,92	1366,00
273,13	1361,90
273,34	1347,56
273,56	1341,42
273,77	1423,34
273,98	1370,09
274,20	1327,08
274,41	1384,43
274,63	1357,80
274,84	1327,08
275,05	1357,80
275,27	1279,98
275,48	1411,05
275,69	1341,42
275,91	1310,70
276,12	1415,15
276,33	1376,24
276,55	1341,42
276,76	1327,08
276,97	1361,90
277,19	1376,24
277,40	1239,02
277,61	1341,42
277,83	1284,08
278,04	1304,56
278,26	1366,00
278,47	1374,19
278,68	1392,62
278,90	1286,12
279,11	1366,00
279,32	1327,08
279,54	1384,43
279,75	1366,00
279,96	1366,00
280,18	1417,19
280,39	1335,28
280,60	1349,61
280,82	1411,05
281,03	1308,65
281,24	1441,77
281,46	1320,94
281,67	1359,85
281,88	1292,27
282,10	1390,57
282,31	1329,13
282,52	1396,71
282,74	1243,12
282,95	1376,24
283,16	1349,61
283,37	1329,13
283,59	1327,08
283,80	1322,99
284,01	1439,72
284,23	1316,84
284,44	1353,71
284,65	1456,11
284,87	1325,04
285,08	1390,57
285,29	1431,53
285,51	1472,49
285,72	1329,13
285,93	1439,72
286,15	1425,39
286,36	1345,52
286,57	1368,04
286,78	1312,75
287,00	1357,80
287,21	1288,17
287,42	1316,84
287,64	1333,23
287,85	1433,58
288,06	1359,85
288,28	1316,84
288,49	1263,60
288,70	1357,80
288,91	1316,84
289,13	1447,91
289,34	1433,58
289,55	1259,50
289,77	1296,36
289,98	1382,38
290,19	1390,57
290,40	1357,80
290,62	1398,76
290,83	1368,04
291,04	1357,80
291,26	1310,70
291,47	1394,67
291,68	1386,47
291,89	1271,79
292,11	1435,63
292,32	1351,66
292,53	1357,80
292,74	1376,24
292,96	1345,52
293,17	1415,15
293,38	1341,42
293,60	1318,89
293,81	1337,32
294,02	1214,45
294,23	1374,19
294,45	1386,47
294,66	1482,73
294,87	1415,15
295,08	1308,65
295,30	1384,43
295,51	1341,42
295,72	1392,62
295,93	1310,70
296,15	1406,95
296,36	1341,42
296,57	1359,85
296,78	1349,61
297,00	1275,88
297,21	1259,50
297,42	1439,72
297,63	1384,43
297,85	1308,65
298,06	1366,00
298,27	1325,04
298,48	1361,90
298,70	1339,37
298,91	1464,30
299,12	1329,13
299,33	1308,65
299,55	1325,04
299,76	1329,13
299,97	1427,43
300,18	1341,42
300,40	1300,46
300,61	1333,23
300,82	1325,04
301,03	1406,95
301,24	1331,18
301,46	1353,71
301,67	1378,28
301,88	1296,36
302,09	1452,01
302,31	1378,28
302,52	1333,23
302,73	1439,72
302,94	1361,90
303,15	1349,61
303,37	1366,00
303,58	1341,42
303,79	1390,57
304,00	1333,23
304,22	1337,32
304,43	1417,19
304,64	1343,47
304,85	1296,36
305,06	1333,23
305,28	1329,13
305,49	1384,43
305,70	1359,85
305,91	1341,42
306,12	1361,90
306,34	1333,23
306,55	1374,19
306,76	1376,24
306,97	1511,40
307,18	1304,56
307,40	1296,36
307,61	1292,27
307,82	1308,65
308,03	1390,57
308,24	1363,95
308,46	1312,75
308,67	1357,80
308,88	1335,28
309,09	1366,00
309,30	1384,43
309,52	1304,56
309,73	1439,72
309,94	1267,69
310,15	1361,90
310,36	1300,46
310,57	1406,95
310,79	1337,32
311,00	1447,91
311,21	1337,32
311,42	1335,28
311,63	1341,42
311,85	1277,93
312,06	1396,71
312,27	1333,23
312,48	1439,72
312,69	1366,00
312,90	1490,92
313,12	1400,81
313,33	1390,57
313,54	1441,77
313,75	1310,70
313,96	1376,24
314,17	1396,71
314,39	1341,42
314,60	1386,47
314,81	1353,71
315,02	1318,89
315,23	1368,04
315,44	1441,77
315,65	1361,90
315,87	1316,84
316,08	1390,57
316,29	1351,66
316,50	1296,36
316,71	1343,47
316,92	1415,15
317,14	1316,84
317,35	1353,71
317,56	1386,47
317,77	1415,15
317,98	1351,66
318,19	1425,39
318,40	1388,52
318,62	1449,96
318,83	1413,10
319,04	1447,91
319,25	1413,10
319,46	1464,30
319,67	1374,19
319,88	1366,00
320,09	1359,85
320,31	1402,86
320,52	1423,34
320,73	1382,38
320,94	1302,51
321,15	1374,19
321,36	1406,95
321,57	1400,81
321,78	1431,53
322,00	1300,46
322,21	1374,19
322,42	1359,85
322,63	1398,76
322,84	1366,00
323,05	1427,43
323,26	1357,80
323,47	1415,15
323,69	1400,81
323,90	1398,76
324,11	1376,24
324,32	1398,76
324,53	1345,52
324,74	1353,71
324,95	1400,81
325,16	1339,37
325,37	1392,62
325,59	1351,66
325,80	1370,09
326,01	1390,57
326,22	1415,15
326,43	1386,47
326,64	1415,15
326,85	1343,47
327,06	1337,32
327,27	1374,19
327,48	1425,39
327,69	1482,73
327,91	1415,15
328,12	1351,66
328,33	1220,59
328,54	1357,80
328,75	1449,96
328,96	1425,39
329,17	1472,49
329,38	1429,48
329,59	1435,63
329,80	1755,11
330,01	1406,95
330,23	1441,77
330,44	1449,96
330,65	1439,72
330,86	1392,62
331,07	1374,19
331,28	1398,76
331,49	1427,43
331,70	1482,73
331,91	1359,85
332,12	1402,86
332,33	1544,17
332,54	1503,21
332,75	1359,85
332,96	1411,05
333,17	1429,48
333,39	1421,29
333,60	1390,57
333,81	1488,87
334,02	1441,77
334,23	1431,53
334,44	1398,76
334,65	1406,95
334,86	1472,49
335,07	1513,45
335,28	1390,57
335,49	1472,49
335,70	1361,90
335,91	1357,80
336,12	1439,72
336,33	1542,12
336,54	1382,38
336,75	1427,43
336,96	1374,19
337,17	1406,95
337,39	1388,52
337,60	1456,11
337,81	1421,29
338,02	1433,58
338,23	1490,92
338,44	1310,70
338,65	1402,86
338,86	1431,53
339,07	1497,07
339,28	1447,91
339,49	1538,02
339,70	1464,30
339,91	1374,19
340,12	1390,57
340,33	1400,81
340,54	1380,33
340,75	1439,72
340,96	1427,43
341,17	1488,87
341,38	1394,67
341,59	1433,58
341,80	1466,35
342,01	1423,34
342,22	1390,57
342,43	1445,87
342,64	1468,39
342,85	1484,78
343,06	1431,53
343,27	1423,34
343,48	1443,82
343,69	1447,91
343,90	1382,38
344,11	1378,28
344,32	1417,19
344,53	1460,20
344,74	1435,63
344,95	1466,35
345,16	1406,95
345,37	1390,57
345,58	1425,39
345,79	1415,15
346,00	1464,30
346,21	1419,24
346,42	1374,19
346,63	1398,76
346,84	1546,22
347,05	1433,58
347,26	1447,91
347,47	1386,47
347,68	1435,63
347,89	1423,34
348,10	1456,11
348,31	1441,77
348,52	1366,00
348,73	1439,72
348,94	1357,80
349,15	1521,64
349,36	1390,57
349,57	1327,08
349,78	1480,68
349,99	1431,53
350,20	1490,92
350,41	1476,59
350,62	1333,23
350,83	1435,63
351,04	1390,57
351,25	1439,72
351,46	1472,49
351,67	1304,56
351,88	1406,95
352,09	1439,72
352,30	1415,15
352,50	1441,77
352,71	1423,34
352,92	1398,76
353,13	1447,91
353,34	1398,76
353,55	1460,20
353,76	1392,62
353,97	1562,60
354,18	1460,20
354,39	1449,96
354,60	1540,07
354,81	1441,77
355,02	1492,97
355,23	1443,82
355,44	1351,66
355,65	1378,28
355,86	1441,77
356,07	1466,35
356,28	1382,38
356,48	1390,57
356,69	1509,35
356,90	1425,39
357,11	1400,81
357,32	1492,97
357,53	1445,87
357,74	1476,59
357,95	1505,26
358,16	1431,53
358,37	1472,49
358,58	1435,63
358,79	1447,91
359,00	1525,74
359,21	1402,86
359,41	1484,78
359,62	1554,41
359,83	1464,30
360,04	1394,67
360,25	1554,41
360,46	1419,24
360,67	1394,67
360,88	1443,82
361,09	1523,69
361,30	1402,86
361,51	1443,82
361,72	1382,38
361,92	1497,07
362,13	1431,53
362,34	1435,63
362,55	1415,15
362,76	1386,47
362,97	1490,92
363,18	1464,30
363,39	1431,53
363,60	1433,58
363,81	1431,53
364,01	1478,63
364,22	1456,11
364,43	1398,76
364,64	1456,11
364,85	1492,97
365,06	1468,39
365,27	1439,72
365,48	1447,91
365,69	1480,68
365,89	1361,90
366,10	1488,87
366,31	1425,39
366,52	1611,75
366,73	1433,58
366,94	1533,93
367,15	1415,15
367,36	1431,53
367,57	1574,89
367,77	1521,64
367,98	1480,68
368,19	1439,72
368,40	1497,07
368,61	1525,74
368,82	1394,67
369,03	1466,35
369,23	1603,56
369,44	1409,00
369,65	1417,19
369,86	1472,49
370,07	1490,92
370,28	1447,91
370,49	1456,11
370,70	1441,77
370,90	1425,39
371,11	1394,67
371,32	1402,86
371,53	1497,07
371,74	1460,20
371,95	1472,49
372,16	1439,72
372,36	1476,59
372,57	1458,15
372,78	1484,78
372,99	1378,28
373,20	1462,25
373,41	1386,47
373,61	1441,77
373,82	1441,77
374,03	1449,96
374,24	1472,49
374,45	1523,69
374,66	1449,96
374,86	1492,97
375,07	1472,49
375,28	1531,88
375,49	1357,80
375,70	1370,09
375,91	1374,19
376,11	1511,40
376,32	1517,54
376,53	1513,45
376,74	1501,16
376,95	1910,75
377,16	1460,20
377,36	1456,11
377,57	1521,64
377,78	1421,29
377,99	1468,39
378,20	1376,24
378,40	1505,26
378,61	1431,53
378,82	1488,87
379,03	1419,24
379,24	1542,12
379,45	1445,87
379,65	1415,15
379,86	1542,12
380,07	1409,00
380,28	1400,81
380,49	1505,26
380,69	1460,20
380,90	1628,14
381,11	1546,22
381,32	1431,53
381,53	1456,11
381,73	1540,07
381,94	1431,53
382,15	1439,72
382,36	1423,34
382,57	1447,91
382,77	1441,77
382,98	1435,63
383,19	1437,67
383,40	1452,01
383,60	1472,49
383,81	1480,68
384,02	1464,30
384,23	1517,54
384,44	1497,07
384,64	1439,72
384,85	1517,54
385,06	1447,91
385,27	1398,76
385,48	1382,38
385,68	1497,07
385,89	1431,53
386,10	1447,91
386,31	1513,45
386,51	1505,26
386,72	1480,68
386,93	1499,11
387,14	1533,93
387,34	1484,78
387,55	1439,72
387,76	1533,93
387,97	1449,96
388,17	1529,83
388,38	1482,73
388,59	1515,50
388,80	1521,64
389,01	1429,48
389,21	1499,11
389,42	1488,87
389,63	1492,97
389,84	1378,28
390,04	1529,83
390,25	1445,87
390,46	1423,34
390,67	1384,43
390,87	1486,83
391,08	1531,88
391,29	1466,35
391,49	1402,86
391,70	1439,72
391,91	1443,82
392,12	1425,39
392,32	1411,05
392,53	1488,87
392,74	1427,43
392,95	1370,09
393,15	1390,57
393,36	1376,24
393,57	1482,73
393,78	1423,34
393,98	1472,49
394,19	1478,63
394,40	1554,41
394,60	1521,64
394,81	1423,34
395,02	1392,62
395,23	1384,43
395,43	1476,59
395,64	1460,20
395,85	1390,57
396,06	1382,38
396,26	1423,34
396,47	1427,43
396,68	1382,38
396,88	1458,15
397,09	1488,87
397,30	1538,02
397,50	1566,70
397,71	1558,50
397,92	1466,35
398,13	1501,16
398,33	1427,43
398,54	1488,87
398,75	1507,30
398,95	1525,74
399,16	1513,45
399,37	1441,77
399,57	1466,35
399,78	1515,50
399,99	1480,68
400,20	1564,65
400,40	1488,87
400,61	1464,30
400,82	1406,95
401,02	1431,53
401,23	1490,92
401,44	1361,90
401,64	1468,39
401,85	1468,39
402,06	1435,63
402,26	1501,16
402,47	1458,15
402,68	1597,42
402,88	1390,57
403,09	1464,30
403,30	1482,73
403,50	1390,57
403,71	1488,87
403,92	1368,04
404,12	1318,89
404,33	1456,11
404,54	1423,34
404,74	1456,11
404,95	1447,91
405,16	1480,68
405,36	1441,77
405,57	1402,86
405,78	1452,01
405,98	1431,53
406,19	1425,39
406,40	1435,63
406,60	1544,17
406,81	1492,97
407,02	1513,45
407,22	1501,16
407,43	1390,57
407,64	1406,95
407,84	1464,30
408,05	1449,96
408,26	1492,97
408,46	1578,98
408,67	1529,83
408,87	1472,49
409,08	1480,68
409,29	1492,97
409,49	1419,24
409,70	1521,64
409,91	1587,18
410,11	1578,98
410,32	1654,76
410,53	1578,98
410,73	1548,26
410,94	1619,94
411,14	1513,45
411,35	1488,87
411,56	1513,45
411,76	1488,87
411,97	1447,91
412,18	1415,15
412,38	1464,30
412,59	1464,30
412,79	1390,57
413,00	1538,02
413,21	1423,34
413,41	1425,39
413,62	1425,39
413,82	1447,91
414,03	1521,64
414,24	1349,61
414,44	1386,47
414,65	1415,15
414,86	1458,15
415,06	1513,45
415,27	1476,59
415,47	1357,80
415,68	1398,76
415,89	1480,68
416,09	1433,58
416,30	1400,81
416,50	1439,72
416,71	1562,60
416,92	1447,91
417,12	1474,54
417,33	1466,35
417,53	1468,39
417,74	1513,45
417,94	1452,01
418,15	1527,78
418,36	1531,88
418,56	1386,47
418,77	1427,43
418,97	1449,96
419,18	1546,22
419,39	1361,90
419,59	1447,91
419,80	1419,24
420,00	1423,34
420,21	1464,30
420,41	1472,49
420,62	1462,25
420,83	1456,11
421,03	1484,78
421,24	1480,68
421,44	1441,77
421,65	1531,88
421,85	1488,87
422,06	1413,10
422,27	1439,72
422,47	1466,35
422,68	1433,58
422,88	1456,11
423,09	1415,15
423,29	1488,87
423,50	1384,43
423,70	1435,63
423,91	1462,25
424,12	1384,43
424,32	1474,54
424,53	1431,53
424,73	1531,88
424,94	1454,06
425,14	1456,11
425,35	1472,49
425,55	1427,43
425,76	1546,22
425,96	1443,82
426,17	1454,06
426,37	1445,87
426,58	1411,05
426,79	1439,72
426,99	1521,64
427,20	1458,15
427,40	1486,83
427,61	1425,39
427,81	1456,11
428,02	1441,77
428,22	1445,87
428,43	1406,95
428,63	1366,00
428,84	1433,58
429,04	1390,57
429,25	1435,63
429,45	1472,49
429,66	1462,25
429,86	1456,11
430,07	1411,05
430,27	1441,77
430,48	1488,87
430,68	1431,53
430,89	1488,87
431,09	1433,58
431,30	1427,43
431,50	1447,91
431,71	1476,59
431,91	1415,15
432,12	1458,15
432,32	1490,92
432,53	1476,59
432,73	1439,72
432,94	1431,53
433,14	1452,01
433,35	1458,15
433,55	1525,74
433,76	1785,83
433,96	2111,46
434,17	2129,89
434,37	2209,76
434,58	2037,73
434,78	1949,67
434,99	1820,64
435,19	1660,90
435,40	1624,04
435,60	1513,45
435,81	1562,60
436,01	1490,92
436,22	1456,11
436,42	1480,68
436,63	1456,11
436,83	1396,71
437,04	1542,12
437,24	1525,74
437,45	1402,86
437,65	1447,91
437,86	1378,28
438,06	1488,87
438,26	1374,19
438,47	1417,19
438,67	1366,00
438,88	1466,35
439,08	1443,82
439,29	1533,93
439,49	1464,30
439,70	1441,77
439,90	1327,08
440,11	1460,20
440,31	1529,83
440,52	1454,06
440,72	1464,30
440,92	1398,76
441,13	1449,96
441,33	1542,12
441,54	1507,30
441,74	1505,26
441,95	1464,30
442,15	1597,42
442,36	1611,75
442,56	1505,26
442,76	1482,73
442,97	1542,12
443,17	1443,82
443,38	1501,16
443,58	1533,93
443,79	1357,80
443,99	1474,54
444,19	1517,54
444,40	1447,91
444,60	1474,54
444,81	1353,71
445,01	1554,41
445,22	1482,73
445,42	1406,95
445,62	1472,49
445,83	1464,30
446,03	1566,70
446,24	1476,59
446,44	1433,58
446,64	1497,07
446,85	1464,30
447,05	1406,95
447,26	1472,49
447,46	1476,59
447,67	1374,19
447,87	1417,19
448,07	1447,91
448,28	1464,30
448,48	1499,11
448,69	1439,72
448,89	1406,95
449,09	1501,16
449,30	1466,35
449,50	1374,19
449,71	1400,81
449,91	1523,69
450,11	1368,04
450,32	1499,11
450,52	1406,95
450,72	1447,91
450,93	1488,87
451,13	1480,68
451,34	1425,39
451,54	1390,57
451,74	1411,05
451,95	1400,81
452,15	1376,24
452,36	1421,29
452,56	1423,34
452,76	1515,50
452,97	1476,59
453,17	1449,96
453,37	1482,73
453,58	1382,38
453,78	1431,53
453,98	1488,87
454,19	1480,68
454,39	1435,63
454,60	1394,67
454,80	1441,77
455,00	1527,78
455,21	1411,05
455,41	1499,11
455,61	1542,12
455,82	1370,09
456,02	1376,24
456,22	1415,15
456,43	1439,72
456,63	1472,49
456,84	1366,00
457,04	1509,35
457,24	1392,62
457,45	1476,59
457,65	1501,16
457,85	1515,50
458,06	1449,96
458,26	1529,83
458,46	1531,88
458,67	1472,49
458,87	1449,96
459,07	1411,05
459,28	1427,43
459,48	1447,91
459,68	1366,00
459,89	1382,38
460,09	1488,87
460,29	1464,30
460,50	1374,19
460,70	1392,62
460,90	1378,28
461,11	1333,23
461,31	1390,57
461,51	1402,86
461,72	1484,78
461,92	1447,91
462,12	1509,35
462,32	1476,59
462,53	1439,72
462,73	1857,51
462,93	1472,49
463,14	1578,98
463,34	1564,65
463,54	1595,37
463,75	1581,03
463,95	1525,74
464,15	1562,60
464,36	1480,68
464,56	1472,49
464,76	1406,95
464,96	1419,24
465,17	1361,90
465,37	1431,53
465,57	1431,53
465,78	1492,97
465,98	1447,91
466,18	1435,63
466,39	1501,16
466,59	1437,67
466,79	1400,81
466,99	1488,87
467,20	1423,34
467,40	1447,91
467,60	1378,28
467,81	1413,10
468,01	1540,07
468,21	1441,77
468,41	1499,11
468,62	1568,74
468,82	1460,20
469,02	1548,26
469,22	1460,20
469,43	1404,91
469,63	1443,82
469,83	1374,19
470,04	1415,15
470,24	1482,73
470,44	1402,86
470,64	1478,63
470,85	1386,47
471,05	1415,15
471,25	1462,25
471,45	1406,95
471,66	1499,11
471,86	1443,82
472,06	1435,63
472,26	1521,64
472,47	1466,35
472,67	1505,26
472,87	1456,11
473,07	1507,30
473,28	1390,57
473,48	1507,30
473,68	1513,45
473,88	1433,58
474,09	1411,05
474,29	1476,59
474,49	1419,24
474,69	1415,15
474,90	1433,58
475,10	1431,53
475,30	1513,45
475,50	1398,76
475,70	1411,05
475,91	1472,49
476,11	1370,09
476,31	1447,91
476,51	1497,07
476,72	1515,50
476,92	1415,15
477,12	1415,15
477,32	1447,91
477,53	1425,39
477,73	1411,05
477,93	1415,15
478,13	1490,92
478,33	1378,28
478,54	1456,11
478,74	1482,73
478,94	1466,35
479,14	1429,48
479,34	1513,45
479,55	1538,02
479,75	1531,88
479,95	1474,54
480,15	1398,76
480,35	1492,97
480,56	1517,54
480,76	1533,93
480,96	1533,93
481,16	1466,35
481,36	1394,67
481,57	1464,30
481,77	1431,53
481,97	1427,43
482,17	1402,86
482,37	1501,16
482,58	1431,53
482,78	1433,58
482,98	1497,07
483,18	1449,96
483,38	1472,49
483,58	1507,30
483,79	1581,03
483,99	1513,45
484,19	1472,49
484,39	1529,83
484,59	1538,02
484,80	1509,35
485,00	1517,54
485,20	1513,45
485,40	1980,39
485,60	3327,95
485,80	5253,04
486,01	7636,88
486,21	9717,61
486,41	10782,56
486,61	9951,08
486,81	8206,21
487,01	6487,96
487,22	5627,82
487,42	4487,10
487,62	3669,96
487,82	2934,74
488,02	2316,25
488,22	1980,39
488,42	1775,59
488,63	1581,03
488,83	1542,12
489,03	1560,55
489,23	1554,41
489,43	1509,35
489,63	1562,60
489,83	1529,83
490,04	1458,15
490,24	1468,39
490,44	1497,07
490,64	1458,15
490,84	1439,72
491,04	1540,07
491,24	1474,54
491,44	1441,77
491,65	1492,97
491,85	1394,67
492,05	1462,25
492,25	1482,73
492,45	1441,77
492,65	1531,88
492,85	1556,46
493,05	1681,38
493,26	1646,57
493,46	1628,14
493,66	1773,54
493,86	1628,14
494,06	1628,14
494,26	1605,61
494,46	1492,97
494,66	1501,16
494,86	1499,11
495,07	1529,83
495,27	1523,69
495,47	1474,54
495,67	1423,34
495,87	1517,54
496,07	1368,04
496,27	1490,92
496,47	1480,68
496,67	1460,20
496,87	1501,16
497,08	1488,87
497,28	1511,40
497,48	1499,11
497,68	1433,58
497,88	1523,69
498,08	1443,82
498,28	1578,98
498,48	1535,98
498,68	1421,29
498,88	1415,15
499,08	1447,91
499,29	1447,91
499,49	1398,76
499,69	1462,25
499,89	1480,68
500,09	1501,16
500,29	1443,82
500,49	1425,39
500,69	1564,65
500,89	1488,87
501,09	1497,07
501,29	1550,31
501,49	1464,30
501,69	1492,97
501,89	1497,07
502,09	1542,12
502,30	1509,35
502,50	1538,02
502,70	1529,83
502,90	1482,73
503,10	1404,91
503,30	1409,00
503,50	1411,05
503,70	1513,45
503,90	1476,59
504,10	1492,97
504,30	1445,87
504,50	1488,87
504,70	1472,49
504,90	1472,49
505,10	1421,29
505,30	1505,26
505,50	1466,35
505,70	1540,07
505,90	1429,48
506,10	1425,39
506,30	1499,11
506,50	1529,83
506,70	1337,32
506,90	1501,16
507,11	1427,43
507,31	1458,15
507,51	1417,19
507,71	1505,26
507,91	1415,15
508,11	1488,87
508,31	1486,83
508,51	1423,34
508,71	1468,39
508,91	1366,00
509,11	1337,32
509,31	1497,07
509,51	1472,49
509,71	1472,49
509,91	1456,11
510,11	1382,38
510,31	1466,35
510,51	1513,45
510,71	1464,30
510,91	1452,01
511,11	1386,47
511,31	1456,11
511,51	1431,53
511,71	1458,15
511,91	1433,58
512,11	1409,00
512,31	1458,15
512,51	1402,86
512,71	1423,34
512,91	1431,53
513,11	1398,76
513,31	1423,34
513,51	1396,71
513,71	1390,57
513,91	1400,81
514,11	1458,15
514,31	1458,15
514,51	1435,63
514,71	1431,53
514,90	1447,91
515,10	1376,24
515,30	1404,91
515,50	1439,72
515,70	1456,11
515,90	1368,04
516,10	1427,43
516,30	1392,62
516,50	1474,54
516,70	1476,59
516,90	1419,24
517,10	1441,77
517,30	1431,53
517,50	1454,06
517,70	1425,39
517,90	1458,15
518,10	1374,19
518,30	1513,45
518,50	1488,87
518,70	1431,53
518,90	1429,48
519,10	1421,29
519,30	1546,22
519,50	1443,82
519,69	1423,34
519,89	1419,24
520,09	1501,16
520,29	1431,53
520,49	1480,68
520,69	1497,07
520,89	1499,11
521,09	1472,49
521,29	1726,44
521,49	1439,72
521,69	1484,78
521,89	1456,11
522,09	1447,91
522,29	1499,11
522,48	1492,97
522,68	1415,15
522,88	1441,77
523,08	1497,07
523,28	1433,58
523,48	1423,34
523,68	1431,53
523,88	1538,02
524,08	1406,95
524,28	1474,54
524,48	1439,72
524,68	1429,48
524,87	1415,15
525,07	1394,67
525,27	1456,11
525,47	1398,76
525,67	1411,05
525,87	1402,86
526,07	1476,59
526,27	1398,76
526,47	1566,70
526,67	1445,87
526,86	1456,11
527,06	1517,54
527,26	1480,68
527,46	1452,01
527,66	1441,77
527,86	1482,73
528,06	1351,66
528,26	1538,02
528,46	1482,73
528,65	1396,71
528,85	1447,91
529,05	1374,19
529,25	1460,20
529,45	1464,30
529,65	1368,04
529,85	1472,49
530,05	1421,29
530,24	1542,12
530,44	1449,96
530,64	1505,26
530,84	1398,76
531,04	1474,54
531,24	1513,45
531,44	1376,24
531,63	1449,96
531,83	1492,97
532,03	1488,87
532,23	1449,96
532,43	1474,54
532,63	1431,53
532,83	1341,42
533,02	1464,30
533,22	1386,47
533,42	1472,49
533,62	1447,91
533,82	1472,49
534,02	1447,91
534,22	1433,58
534,41	1341,42
534,61	1456,11
534,81	1441,77
535,01	1452,01
535,21	1466,35
535,41	1449,96
535,60	1431,53
535,80	1394,67
536,00	1374,19
536,20	1411,05
536,40	1513,45
536,60	1374,19
536,79	1429,48
536,99	1443,82
537,19	1554,41
537,39	1417,19
537,59	1439,72
537,78	1409,00
537,98	1382,38
538,18	1378,28
538,38	1509,35
538,58	1433,58
538,77	1415,15
538,97	1427,43
539,17	1505,26
539,37	1480,68
539,57	1390,57
539,77	1486,83
539,96	1384,43
540,16	1447,91
540,36	1409,00
540,56	1464,30
540,76	1425,39
540,95	1484,78
541,15	1419,24
541,35	1423,34
541,55	1361,90
541,74	1374,19
541,94	1464,30
542,14	1466,35
542,34	1456,11
542,54	1439,72
542,73	1562,60
542,93	1509,35
543,13	1472,49
543,33	1490,92
543,53	1488,87
543,72	1484,78
543,92	1460,20
544,12	1492,97
544,32	1488,87
544,51	1439,72
544,71	1411,05
544,91	1406,95
545,11	1476,59
545,30	1501,16
545,50	1464,30
545,70	1439,72
545,90	1458,15
546,10	1429,48
546,29	1472,49
546,49	1497,07
546,69	1423,34
546,89	1353,71
547,08	1443,82
547,28	1382,38
547,48	1406,95
547,68	1359,85
547,87	1484,78
548,07	1363,95
548,27	1378,28
548,47	1411,05
548,66	1359,85
548,86	1466,35
549,06	1366,00
549,25	1464,30
549,45	1548,26
549,65	1497,07
549,85	1529,83
550,04	1458,15
550,24	1406,95
550,44	1441,77
550,64	1474,54
550,83	1470,44
551,03	1423,34
551,23	1392,62
551,43	1482,73
551,62	1396,71
551,82	1402,86
552,02	1492,97
552,21	1382,38
552,41	1472,49
552,61	1529,83
552,81	1357,80
553,00	1472,49
553,20	1335,28
553,40	1376,24
553,59	1474,54
553,79	1472,49
553,99	1447,91
554,18	1376,24
554,38	1423,34
554,58	1464,30
554,78	1472,49
554,97	1437,67
555,17	1501,16
555,37	1368,04
555,56	1417,19
555,76	1464,30
555,96	1449,96
556,15	1349,61
556,35	1447,91
556,55	1521,64
556,74	1329,13
556,94	1456,11
557,14	1347,56
557,34	1337,32
557,53	1366,00
557,73	1386,47
557,93	1417,19
558,12	1329,13
558,32	1411,05
558,52	1384,43
558,71	1316,84
558,91	1325,04
559,11	1406,95
559,30	1329,13
559,50	1398,76
559,70	1411,05
559,89	1398,76
560,09	1363,95
560,29	1415,15
560,48	1419,24
560,68	1357,80
560,88	1480,68
561,07	1386,47
561,27	1357,80
561,46	1488,87
561,66	1527,78
561,86	1374,19
562,05	1472,49
562,25	1374,19
562,45	1456,11
562,64	1423,34
562,84	1497,07
563,04	1480,68
563,23	1404,91
563,43	1429,48
563,63	1531,88
563,82	1433,58
564,02	1497,07
564,21	1423,34
564,41	1476,59
564,61	1503,21
564,80	1398,76
565,00	1351,66
565,20	1505,26
565,39	1452,01
565,59	1433,58
565,78	1497,07
565,98	1480,68
566,18	1400,81
566,37	1521,64
566,57	1439,72
566,77	1456,11
566,96	1435,63
567,16	1497,07
567,35	1468,39
567,55	1484,78
567,75	1480,68
567,94	1366,00
568,14	1529,83
568,33	1449,96
568,53	1488,87
568,73	1540,07
568,92	1509,35
569,12	1480,68
569,31	1554,41
569,51	1595,37
569,71	1605,61
569,90	1578,98
570,10	1587,18
570,29	1660,90
570,49	1462,25
570,69	1611,75
570,88	1421,29
571,08	1449,96
571,27	1447,91
571,47	1513,45
571,66	1474,54
571,86	1484,78
572,06	1402,86
572,25	1390,57
572,45	1409,00
572,64	1492,97
572,84	1611,75
573,03	1540,07
573,23	1558,50
573,43	1662,95
573,62	1636,33
573,82	1597,42
574,01	1640,42
574,21	1574,89
574,40	1503,21
574,60	1578,98
574,79	1468,39
574,99	1581,03
575,19	1525,74
575,38	1505,26
575,58	1648,61
575,77	1669,09
575,97	1611,75
576,16	1697,77
576,36	1611,75
576,55	1617,90
576,75	1609,70
576,94	1619,94
577,14	1546,22
577,34	1556,46
577,53	1601,51
577,73	1652,71
577,92	1570,79
578,12	1677,29
578,31	1628,14
578,51	1665,00
578,70	1691,62
578,90	1722,34
579,09	1701,86
579,29	1718,25
579,48	1710,05
579,68	1734,63
579,87	1591,27
580,07	1562,60
580,26	1601,51
580,46	1671,14
580,65	1636,33
580,85	1679,33
581,04	1947,62
581,24	1791,97
581,43	1923,04
581,63	1841,12
581,82	1914,85
582,02	1857,51
582,21	1751,01
582,41	1787,88
582,60	1691,62
582,80	1775,59
582,99	1718,25
583,19	1705,96
583,38	1679,33
583,58	1720,29
583,77	1828,84
583,97	1689,57
584,16	1765,35
584,36	1542,12
584,55	1585,13
584,75	1572,84
584,94	1542,12
585,14	1603,56
585,33	1507,30
585,53	1603,56
585,72	1574,89
585,92	1570,79
586,11	1466,35
586,31	1564,65
586,50	1570,79
586,70	1529,83
586,89	1595,37
587,09	1613,80
587,28	1521,64
587,47	1726,44
587,67	1662,95
587,86	1564,65
588,06	1669,09
588,25	1759,21
588,45	1794,02
588,64	1884,13
588,84	2105,31
589,03	2193,37
589,23	2310,11
589,42	2342,88
589,61	2209,76
589,81	2242,53
590,00	2084,83
590,20	1966,05
590,39	1800,16
590,59	1849,32
590,78	1722,34
590,98	1681,38
591,17	1556,46
591,36	1652,71
591,56	1597,42
591,75	1677,29
591,95	1542,12
592,14	1533,93
592,34	1624,04
592,53	1648,61
592,72	1566,70
592,92	1619,94
593,11	1689,57
593,31	1675,24
593,50	1759,21
593,69	1769,44
593,89	1734,63
594,08	1757,16
594,28	1644,52
594,47	1734,63
594,67	1783,78
594,86	1753,06
595,05	1662,95
595,25	1744,87
595,44	1529,83
595,64	1603,56
595,83	1722,34
596,02	1662,95
596,22	1605,61
596,41	1665,00
596,61	1689,57
596,80	1691,62
596,99	1652,71
597,19	1710,05
597,38	1734,63
597,58	1775,59
597,77	1726,44
597,96	1703,91
598,16	1796,07
598,35	1677,29
598,54	1636,33
598,74	1654,76
598,93	1636,33
599,13	1693,67
599,32	1562,60
599,51	1542,12
599,71	1581,03
599,90	1558,50
600,09	1538,02
600,29	1628,14
600,48	1562,60
600,68	1566,70
600,87	1497,07
601,06	1646,57
601,26	1533,93
601,45	1529,83
601,64	1603,56
601,84	1693,67
602,03	1660,90
602,22	1734,63
602,42	1679,33
602,61	1810,40
602,80	1775,59
603,00	1824,74
603,19	1873,89
603,38	1892,32
603,58	1810,40
603,77	1783,78
603,96	1673,19
604,16	1679,33
604,35	1607,66
604,54	1628,14
604,74	1632,23
604,93	1675,24
605,12	1572,84
605,32	1542,12
605,51	1562,60
605,70	1538,02
605,90	1517,54
606,09	1591,27
606,28	1429,48
606,48	1562,60
606,67	1648,61
606,86	1611,75
607,06	1621,99
607,25	1646,57
607,44	1658,85
607,64	1570,79
607,83	1658,85
608,02	1662,95
608,22	1679,33
608,41	1714,15
608,60	1521,64
608,79	1554,41
608,99	1488,87
609,18	1712,10
609,37	1578,98
609,57	1726,44
609,76	1617,90
609,95	1611,75
610,15	1609,70
610,34	1533,93
610,53	1488,87
610,72	1538,02
610,92	1521,64
611,11	1431,53
611,30	1533,93
611,50	1554,41
611,69	1492,97
611,88	1564,65
612,07	1578,98
612,27	1523,69
612,46	1529,83
612,65	1595,37
612,84	1656,81
613,04	1679,33
613,23	1660,90
613,42	1630,18
613,62	1867,75
613,81	1673,19
614,00	1753,06
614,19	1578,98
614,39	1556,46
614,58	1621,99
614,77	1570,79
614,96	1624,04
615,16	1597,42
615,35	1546,22
615,54	1513,45
615,73	1499,11
615,93	1581,03
616,12	1630,18
616,31	1513,45
616,50	1558,50
616,70	1533,93
616,89	1574,89
617,08	1558,50
617,27	1617,90
617,47	1624,04
617,66	1556,46
617,85	1570,79
618,04	1513,45
618,23	1527,78
618,43	1490,92
618,62	1439,72
618,81	1558,50
619,00	1497,07
619,20	1521,64
619,39	1484,78
619,58	1595,37
619,77	1452,01
619,96	1605,61
620,16	1607,66
620,35	1546,22
620,54	1456,11
620,73	1497,07
620,93	1484,78
621,12	1503,21
621,31	1445,87
621,50	1505,26
621,69	1423,34
621,89	1390,57
622,08	1447,91
622,27	1447,91
622,46	1611,75
622,65	1517,54
622,85	1517,54
623,04	1650,66
623,23	1503,21
623,42	1538,02
623,61	1654,76
623,81	1695,72
624,00	1578,98
624,19	1566,70
624,38	1589,22
624,57	1521,64
624,76	1597,42
624,96	1431,53
625,15	1392,62
625,34	1454,06
625,53	1499,11
625,72	1421,29
625,91	1374,19
626,11	1449,96
626,30	1390,57
626,49	1476,59
626,68	1394,67
626,87	1374,19
627,06	1429,48
627,26	1421,29
627,45	1460,20
627,64	1611,75
627,83	1472,49
628,02	1480,68
628,21	1513,45
628,41	1521,64
628,60	1521,64
628,79	1419,24
628,98	1515,50
629,17	1433,58
629,36	1449,96
629,55	1478,63
629,75	1490,92
629,94	1488,87
630,13	1417,19
630,32	1564,65
630,51	1460,20
630,70	1431,53
630,89	1513,45
631,09	1447,91
631,28	1435,63
631,47	1525,74
631,66	1345,52
631,85	1415,15
632,04	1437,67
632,23	1456,11
632,42	1460,20
632,62	1529,83
632,81	1398,76
633,00	1595,37
633,19	1415,15
633,38	1488,87
633,57	1505,26
633,76	1499,11
633,95	1411,05
634,14	1456,11
634,34	1482,73
634,53	1439,72
634,72	1468,39
634,91	1525,74
635,10	1411,05
635,29	1456,11
635,48	1554,41
635,67	1447,91
635,86	1366,00
636,05	1443,82
636,24	1456,11
636,44	1447,91
636,63	1449,96
636,82	1464,30
637,01	1466,35
637,20	1406,95
637,39	1398,76
637,58	1435,63
637,77	1390,57
637,96	1425,39
638,15	1472,49
638,34	1390,57
638,53	1470,44
638,73	1441,77
638,92	1398,76
639,11	1464,30
639,30	1423,34
639,49	1349,61
639,68	1288,17
639,87	1529,83
640,06	1423,34
640,25	1425,39
640,44	1466,35
640,63	1419,24
640,82	1341,42
641,01	1431,53
641,20	1411,05
641,39	1388,52
641,58	1357,80
641,77	1431,53
641,96	1382,38
642,16	1441,77
642,35	1447,91
642,54	1402,86
642,73	1417,19
642,92	1525,74
643,11	1445,87
643,30	1466,35
643,49	1370,09
643,68	1482,73
643,87	1445,87
644,06	1456,11
644,25	1398,76
644,44	1419,24
644,63	1472,49
644,82	1402,86
645,01	1406,95
645,20	1384,43
645,39	1378,28
645,58	1339,37
645,77	1398,76
645,96	1488,87
646,15	1398,76
646,34	1402,86
646,53	1378,28
646,72	1433,58
646,91	1439,72
647,10	1359,85
647,29	1366,00
647,48	1431,53
647,67	1429,48
647,86	1394,67
648,05	1423,34
648,24	1425,39
648,43	1462,25
648,62	1378,28
648,81	1417,19
649,00	1411,05
649,19	1488,87
649,38	1423,34
649,57	1398,76
649,76	1415,15
649,95	1429,48
650,14	1417,19
650,33	1415,15
650,52	1431,53
650,71	1386,47
650,90	1433,58
651,09	1357,80
651,28	1390,57
651,47	1406,95
651,66	1447,91
651,85	1400,81
652,04	1423,34
652,23	1435,63
652,42	1454,06
652,61	1460,20
652,80	1511,40
652,99	1456,11
653,17	1488,87
653,36	1466,35
653,55	1497,07
653,74	1480,68
653,93	1533,93
654,12	1480,68
654,31	1466,35
654,50	1521,64
654,69	1538,02
654,88	1630,18
655,07	1677,29
655,26	1972,19
655,45	3848,13
655,64	9965,42
655,83	19941,07
656,02	33183,24
656,21	46161,22
656,39	56353,96
656,58	58731,65
656,77	53998,79
656,96	46550,33
657,15	38712,75
657,34	32585,23
657,53	27958,87
657,72	23864,98
657,91	19994,32
658,10	16172,81
658,29	12984,12
658,48	9502,58
658,67	6950,81
658,85	4937,65
659,04	3450,83
659,23	2842,58
659,42	2269,15
659,61	2086,88
659,80	1843,17
659,99	1730,53
660,18	1658,85
660,37	1587,18
660,56	1566,70
660,74	1546,22
660,93	1484,78
661,12	1447,91
661,31	1452,01
661,50	1464,30
661,69	1447,91
661,88	1431,53
662,07	1411,05
662,26	1445,87
662,44	1464,30
662,63	1460,20
662,82	1374,19
663,01	1509,35
663,20	1439,72
663,39	1474,54
663,58	1421,29
663,77	1464,30
663,95	1351,66
664,14	1460,20
664,33	1341,42
664,52	1406,95
664,71	1433,58
664,90	1427,43
665,09	1376,24
665,27	1449,96
665,46	1357,80
665,65	1433,58
665,84	1302,51
666,03	1390,57
666,22	1447,91
666,41	1497,07
666,59	1409,00
666,78	1316,84
666,97	1345,52
667,16	1374,19
667,35	1423,34
667,54	1357,80
667,72	1374,19
667,91	1366,00
668,10	1402,86
668,29	1302,51
668,48	1406,95
668,67	1359,85
668,85	1347,56
669,04	1480,68
669,23	1359,85
669,42	1318,89
669,61	1423,34
669,80	1439,72
669,98	1449,96
670,17	1427,43
670,36	1423,34
670,55	1435,63
670,74	1398,76
670,92	1374,19
671,11	1458,15
671,30	1368,04
671,49	1482,73
671,68	1521,64
671,86	1382,38
672,05	1466,35
672,24	1372,14
672,43	1349,61
672,62	1423,34
672,80	1409,00
672,99	1431,53
673,18	1406,95
673,37	1425,39
673,56	1402,86
673,74	1349,61
673,93	1402,86
674,12	1423,34
674,31	1370,09
674,50	1349,61
674,68	1341,42
674,87	1351,66
675,06	1406,95
675,25	1329,13
675,43	1374,19
675,62	1329,13
675,81	1357,80
676,00	1406,95
676,19	1417,19
676,37	1320,94
676,56	1439,72
676,75	1374,19
676,94	1374,19
677,12	1359,85
677,31	1353,71
677,50	1392,62
677,69	1406,95
677,87	1253,36
678,06	1431,53
678,25	1316,84
678,44	1349,61
678,62	1302,51
678,81	1415,15
679,00	1406,95
679,19	1325,04
679,37	1312,75
679,56	1349,61
679,75	1388,52
679,94	1390,57
680,12	1460,20
680,31	1390,57
680,50	1374,19
680,68	1353,71
680,87	1298,41
681,06	1417,19
681,25	1443,82
681,43	1466,35
681,62	1458,15
681,81	1431,53
682,00	1413,10
682,18	1419,24
682,37	1388,52
682,56	1382,38
682,74	1374,19
682,93	1456,11
683,12	1359,85
683,31	1357,80
683,49	1384,43
683,68	1415,15
683,87	1380,33
684,05	1419,24
684,24	1388,52
684,43	1318,89
684,61	1429,48
684,80	1394,67
684,99	1380,33
685,18	1316,84
685,36	1353,71
685,55	1382,38
685,74	1359,85
685,92	1382,38
686,11	1361,90
686,30	1349,61
686,48	1302,51
686,67	1368,04
686,86	1329,13
687,04	1378,28
687,23	1333,23
687,42	1316,84
687,60	1423,34
687,79	1382,38
687,98	1296,36
688,16	1415,15
688,35	1394,67
688,54	1517,54
688,72	1791,97
688,91	1302,51
689,10	1325,04
689,28	1349,61
689,47	1472,49
689,66	1382,38
689,84	1366,00
690,03	1394,67
690,22	1406,95
690,40	1349,61
690,59	1431,53
690,78	1361,90
690,96	1402,86
691,15	1335,28
691,34	1341,42
691,52	1333,23
691,71	1341,42
691,89	1394,67
692,08	1294,32
692,27	1296,36
692,45	1343,47
692,64	1341,42
692,83	1279,98
693,01	1318,89
693,20	1452,01
693,38	1308,65
693,57	1386,47
693,76	1353,71
693,94	1415,15
694,13	1447,91
694,32	1345,52
694,50	1415,15
694,69	1337,32
694,87	1370,09
695,06	1361,90
695,25	1390,57
695,43	1439,72
695,62	1335,28
695,80	1404,91
695,99	1357,80
696,18	1357,80
696,36	1343,47
696,55	1398,76
696,73	1349,61
696,92	1392,62
697,11	1308,65
697,29	1349,61
697,48	1353,71
697,66	1415,15
697,85	1368,04
698,04	1310,70
698,22	1406,95
698,41	1288,17
698,59	1357,80
698,78	1286,12
698,96	1353,71
699,15	1366,00
699,34	1380,33
699,52	1316,84
699,71	1427,43
699,89	1415,15
700,08	1398,76
700,26	1423,34
700,45	1411,05
700,64	1357,80
700,82	1394,67
701,01	1320,94
701,19	1402,86
701,38	1374,19
701,56	1376,24
701,75	1368,04
701,93	1335,28
702,12	1333,23
702,31	1376,24
702,49	1374,19
702,68	1388,52
702,86	1357,80
703,05	1425,39
703,23	1366,00
703,42	1482,73
703,60	1374,19
703,79	1398,76
703,97	1292,27
704,16	1464,30
704,34	1398,76
704,53	1374,19
704,72	1343,47
704,90	1366,00
705,09	1384,43
705,27	1361,90
705,46	1423,34
705,64	1357,80
705,83	1345,52
706,01	1384,43
706,20	1388,52
706,38	1464,30
706,57	1370,09
706,75	1327,08
706,94	1374,19
707,12	1366,00
707,31	1353,71
707,49	1488,87
707,68	1366,00
707,86	1353,71
708,05	1390,57
708,23	1406,95
708,42	1386,47
708,60	1384,43
708,79	1366,00
708,97	1417,19
709,16	1425,39
709,34	1357,80
709,53	1349,61
709,71	1480,68
709,90	1392,62
710,08	1433,58
710,27	1357,80
710,45	1359,85
710,64	1447,91
710,82	1400,81
711,00	1660,90
711,19	1452,01
711,37	1261,55
711,56	1329,13
711,74	1361,90
711,93	1406,95
712,11	1427,43
712,30	1292,27
712,48	1314,80
712,67	1384,43
712,85	1388,52
713,04	1335,28
713,22	1386,47
713,40	1269,74
713,59	1345,52
713,77	1341,42
713,96	1447,91
714,14	1310,70
714,33	1382,38
714,51	1366,00
714,70	1368,04
714,88	1390,57
715,06	1341,42
715,25	1292,27
715,43	1472,49
715,62	1341,42
715,80	1411,05
715,99	1406,95
716,17	1361,90
716,35	1378,28
716,54	1398,76
716,72	1431,53
716,91	1333,23
717,09	1425,39
717,28	1398,76
717,46	1460,20
717,64	1382,38
717,83	1392,62
718,01	1378,28
718,20	1400,81
718,38	1312,75
718,56	1374,19
718,75	1353,71
718,93	1378,28
719,12	1411,05
719,30	1304,56
719,48	1392,62
719,67	1433,58
719,85	1382,38
720,04	1431,53
720,22	1329,13
720,40	1357,80
720,59	1458,15
720,77	1370,09
720,96	1525,74
721,14	1325,04
721,32	1370,09
721,51	1284,08
721,69	1269,74
721,87	1300,46
722,06	1390,57
722,24	1458,15
722,43	1390,57
722,61	1433,58
722,79	1439,72
722,98	1417,19
723,16	1386,47
723,34	1447,91
723,53	1406,95
723,71	1390,57
723,90	1388,52
724,08	1384,43
724,26	1427,43
724,45	1394,67
724,63	1370,09
724,81	1425,39
725,00	1441,77
725,18	1415,15
725,36	1466,35
725,55	1433,58
725,73	1370,09
725,91	1447,91
726,10	1433,58
726,28	1386,47
726,46	1439,72
726,65	1480,68
726,83	1501,16
727,01	1484,78
727,20	1417,19
727,38	1513,45
727,56	1501,16
727,75	1374,19
727,93	1368,04
728,11	1390,57
728,30	1368,04
728,48	1413,10
728,66	1406,95
728,85	1402,86
729,03	1386,47
729,21	1427,43
729,40	1499,11
729,58	1447,91
729,76	1390,57
729,94	1472,49
730,13	1415,15
730,31	1382,38
730,49	1357,80
730,68	1423,34
730,86	1464,30
731,04	1472,49
731,23	1386,47
731,41	1456,11
731,59	1390,57
731,77	1525,74
731,96	1474,54
732,14	1449,96
732,32	1366,00
732,51	1441,77
732,69	1392,62
732,87	1406,95
733,05	1503,21
733,24	1443,82
733,42	1382,38
733,60	1382,38
733,79	1423,34
733,97	1355,76
734,15	1308,65
734,33	1368,04
734,52	1318,89
734,70	1398,76
734,88	1429,48
735,06	1406,95
735,25	1417,19
735,43	1480,68
735,61	1404,91
735,79	1419,24
735,98	1433,58
736,16	1832,93
736,34	1411,05
736,52	1490,92
736,71	1421,29
736,89	1312,75
737,07	1376,24
737,25	1349,61
737,44	1292,27
737,62	1452,01
737,80	1456,11
737,98	1374,19
738,17	1361,90
738,35	1349,61
738,53	1382,38
738,71	1456,11
738,89	1423,34
739,08	1402,86
739,26	1378,28
739,44	1374,19
739,62	1439,72
739,81	1439,72
739,99	1374,19
740,17	1415,15
740,35	1374,19
740,53	1417,19
740,72	1353,71
740,90	1363,95
741,08	1378,28
741,26	1343,47
741,44	1296,36
741,63	1406,95
741,81	1402,86
741,99	1370,09
742,17	1415,15
742,35	1386,47
742,54	1282,03
742,72	1423,34
742,90	1390,57
743,08	1398,76
743,26	1374,19
743,45	1406,95
743,63	1431,53
743,81	1374,19
743,99	1384,43
744,17	1368,04
744,35	1415,15
744,54	1390,57
744,72	1464,30
744,90	1427,43
745,08	1355,76
745,26	1456,11
745,44	1439,72
745,63	1431,53
745,81	1400,81
745,99	1429,48
746,17	1275,88
746,35	1431,53
746,53	1423,34
746,72	1390,57
746,90	1390,57
747,08	1435,63
747,26	1443,82
747,44	1415,15
747,62	1507,30
747,81	1415,15
747,99	1343,47
748,17	1327,08
748,35	1456,11
748,53	1302,51
748,71	1396,71
748,89	1480,68
749,07	1431,53
749,26	1406,95
749,44	1337,32
749,62	1335,28
749,80	1466,35
749,98	1357,80
750,16	1374,19
750,34	1394,67
750,52	1378,28
750,71	1341,42
750,89	1380,33
751,07	1382,38
751,25	1374,19
751,43	1390,57
751,61	1433,58
751,79	1339,37
751,97	1345,52
752,15	1427,43
752,34	1406,95
752,52	1357,80
752,70	1419,24
752,88	1409,00
753,06	1513,45
753,24	1441,77
753,42	1341,42
753,60	1431,53
753,78	1441,77
753,96	1366,00
754,15	1464,30
754,33	1431,53
754,51	1429,48
754,69	1421,29
754,87	1447,91
755,05	1431,53
755,23	1357,80
755,41	1341,42
755,59	1443,82
755,77	1402,86
755,95	1431,53
756,13	1456,11
756,31	1374,19
756,50	1398,76
756,68	1392,62
756,86	1415,15
757,04	1456,11
757,22	1482,73
757,40	1425,39
757,58	1370,09
757,76	1488,87
757,94	1392,62
758,12	1482,73
758,30	1382,38
758,48	1378,28
758,66	1394,67
758,84	1472,49
759,02	1392,62
759,20	1458,15
759,38	1456,11
759,56	1325,04
759,74	1521,64
759,92	1353,71
760,10	1507,30
760,28	1488,87
760,47	1441,77
760,65	1480,68
760,83	1484,78
761,01	1368,04
761,19	1433,58
761,37	1392,62
761,55	1374,19
761,73	1415,15
761,91	1384,43
762,09	1349,61
762,27	1388,52
762,45	1443,82
762,63	1398,76
762,81	1419,24
762,99	1374,19
763,17	1435,63
763,35	1374,19
763,53	1423,34
763,71	1329,13
763,89	1544,17
764,07	1353,71
764,25	1431,53
764,43	1415,15
764,61	1415,15
764,79	1382,38
764,97	1409,00
765,15	1466,35
765,33	1490,92
765,51	1439,72
765,69	1464,30
765,87	1390,57
766,05	1376,24
766,23	1406,95
766,41	1378,28
766,58	1464,30
766,76	1335,28
766,94	1415,15
767,12	1439,72
767,30	1423,34
767,48	1370,09
767,66	1480,68
767,84	1398,76
768,02	1443,82
768,20	1460,20
768,38	1409,00
768,56	1284,08
768,74	1464,30
768,92	1359,85
769,10	1402,86
769,28	1441,77
769,46	1368,04
769,64	1425,39
769,82	1449,96
770,00	1497,07
770,18	1460,20
770,36	1460,20
770,53	1490,92
770,71	1449,96
770,89	1464,30
771,07	1374,19
771,25	1333,23
771,43	1476,59
771,61	1361,90
771,79	1439,72
771,97	1382,38
772,15	1433,58
772,33	1325,04
772,51	1411,05
772,69	1310,70
772,86	1370,09
773,04	1343,47
773,22	1382,38
773,40	1331,18
773,58	1316,84
773,76	1384,43
773,94	1271,79
774,12	1394,67
774,30	1415,15
774,48	1345,52
774,65	1368,04
774,83	1316,84
775,01	1409,00
775,19	1452,01
775,37	1349,61
775,55	1366,00
775,73	1456,11
775,91	1304,56
776,09	1404,91
776,26	1325,04
776,44	1353,71
776,62	1320,94
776,80	1341,42
776,98	1333,23
777,16	1380,33
777,34	1341,42
777,52	1341,42
777,69	1368,04
777,87	1357,80
778,05	1431,53
778,23	1267,69
778,41	1447,91
778,59	1423,34
778,77	1374,19
778,94	1294,32
779,12	1398,76
779,30	1462,25
779,48	1413,10
779,66	1447,91
779,84	1423,34
780,02	1357,80
780,19	1384,43
780,37	1337,32
780,55	1357,80
780,73	1345,52
780,91	1409,00
781,09	1368,04
781,26	1460,20
781,44	1345,52
781,62	1333,23
781,80	1398,76
781,98	1363,95
782,16	1310,70
782,33	1378,28
782,51	1421,29
782,69	1390,57
782,87	1359,85
783,05	1357,80
783,22	1505,26
783,40	1333,23
783,58	1325,04
783,76	1417,19
783,94	1392,62
784,12	1398,76
784,29	1310,70
784,47	1335,28
784,65	1464,30
784,83	1341,42
785,01	1345,52
785,18	1392,62
785,36	1335,28
785,54	1394,67
785,72	1406,95
785,89	1431,53
786,07	1296,36
786,25	1337,32
786,43	1271,79
786,61	1271,79
786,78	1259,50
786,96	1398,76
787,14	1368,04
787,32	1370,09
787,49	1406,95
787,67	1341,42
787,85	1325,04
788,03	1374,19
788,21	1386,47
788,38	1308,65
788,56	1357,80
788,74	1349,61
788,92	1345,52
789,09	1351,66
789,27	1357,80
789,45	1359,85
789,63	1327,08
789,80	1282,03
789,98	1439,72
790,16	1439,72
790,34	1431,53
790,51	1435,63
790,69	1343,47
790,87	1447,91
791,05	1341,42
791,22	1343,47
791,40	1327,08
791,58	1329,13
791,76	1415,15
791,93	1499,11
792,11	1400,81
792,29	1349,61
792,46	1357,80
792,64	1366,00
792,82	1349,61
793,00	1296,36
793,17	1347,56
793,35	1288,17
793,53	1499,11
793,70	1333,23
793,88	1349,61
794,06	1402,86
794,24	1386,47
794,41	1386,47
794,59	1423,34
794,77	1363,95
794,94	1421,29
795,12	1472,49
795,30	1341,42
795,47	1382,38
795,65	1333,23
795,83	1368,04
796,01	1386,47
796,18	1366,00
796,36	1325,04
796,54	1337,32
796,71	1374,19
796,89	1423,34
797,07	1390,57
797,24	1351,66
797,42	1464,30
797,60	1415,15
797,77	1394,67
797,95	1382,38
798,13	1372,14
798,30	1417,19
798,48	1343,47
798,66	1431,53
798,83	1374,19
799,01	1376,24
799,19	1406,95
799,36	1415,15
799,54	1355,76
799,72	1415,15
799,89	1392,62
800,07	1406,95
800,25	1226,73
800,42	1357,80
800,60	1415,15
800,78	1378,28
800,95	1351,66
801,13	1406,95
801,30	1247,21
801,48	1335,28
801,66	1441,77
801,83	1390,57
802,01	1357,80
802,19	1327,08
802,36	1361,90
802,54	1423,34
802,72	1329,13
802,89	1509,35
803,07	1441,77
803,24	1357,80
803,42	1347,56
803,60	1349,61
803,77	1366,00
803,95	1378,28
804,12	1316,84
804,30	1296,36
804,48	1357,80
804,65	1415,15
804,83	1357,80
805,01	1345,52
805,18	1394,67
805,36	1327,08
805,53	1378,28
805,71	1300,46
805,88	1366,00
806,06	1349,61
806,24	1351,66
806,41	1431,53
806,59	1353,71
806,76	1337,32
806,94	1376,24
807,12	1349,61
807,29	1392,62
807,47	1275,88
807,64	1468,39
807,82	1460,20
807,99	1341,42
808,17	1374,19
808,35	1361,90
808,52	1368,04
808,70	1470,44
808,87	1353,71
809,05	1406,95
809,22	1345,52
809,40	1368,04
809,58	1402,86
809,75	1241,07
809,93	1300,46
810,10	1341,42
810,28	1341,42
810,45	1316,84
810,63	1357,80
810,80	1366,00
810,98	1359,85
811,15	1378,28
811,33	1400,81
811,51	1327,08
811,68	1292,27
811,86	1353,71
812,03	1341,42
812,21	1400,81
812,38	1322,99
812,56	1384,43
812,73	1386,47
812,91	1411,05
813,08	1382,38
813,26	1325,04
813,43	1370,09
813,61	1409,00
813,78	1400,81
813,96	1372,14
814,13	1417,19
814,31	1390,57
814,48	1327,08
814,66	1327,08
814,83	1386,47
815,01	1284,08
815,18	1398,76
815,36	1296,36
815,53	1411,05
815,71	1398,76
815,88	1392,62
816,06	1312,75
816,23	1325,04
816,41	1247,21
816,58	1366,00
816,76	1562,60
816,93	1343,47
817,11	1333,23
817,28	1316,84
817,46	1386,47
817,63	1366,00
817,81	1427,43
817,98	1296,36
818,16	1312,75
818,33	1345,52
818,51	1390,57
818,68	1349,61
818,86	1390,57
819,03	1335,28
819,21	1413,10
819,38	1427,43
819,55	1398,76
819,73	1390,57
819,90	1292,27
820,08	1435,63
820,25	1458,15
820,43	1382,38
820,60	1402,86
820,78	1384,43
820,95	1327,08
821,12	1269,74
821,30	1333,23
821,47	1386,47
821,65	1380,33
821,82	1460,20
822,00	1318,89
822,17	1343,47
822,35	1386,47
822,52	1406,95
822,69	1390,57
822,87	1376,24
823,04	1400,81
823,22	1320,94
823,39	1269,74
823,56	1351,66
823,74	1359,85
823,91	1374,19
824,09	1322,99
824,26	1327,08
824,44	1345,52
824,61	1357,80
824,78	1368,04
824,96	1341,42
825,13	1335,28
825,31	1384,43
825,48	1398,76
825,65	1460,20
825,83	1374,19
826,00	1439,72
826,18	1382,38
826,35	1374,19
826,52	1337,32
826,70	1384,43
826,87	1386,47
827,04	1392,62
827,22	1337,32
827,39	1308,65
827,57	1368,04
827,74	1335,28
827,91	1357,80
828,09	1400,81
828,26	1333,23
828,43	1398,76
828,61	1458,15
828,78	1355,76
828,96	1366,00
829,13	1316,84
829,30	1327,08
829,48	1333,23
829,65	1339,37
829,82	1357,80
830,00	1325,04
830,17	1316,84
830,34	1449,96
830,52	1366,00
830,69	1368,04
830,86	1402,86
831,04	1384,43
831,21	1329,13
831,38	1456,11
831,56	1384,43
831,73	1376,24
831,90	1335,28
832,08	1353,71
832,25	1449,96
832,42	1374,19
832,60	1376,24
832,77	1394,67
832,94	1353,71
833,12	1271,79
833,29	1335,28
833,46	1312,75
833,64	1316,84
833,81	1349,61
833,98	1341,42
834,16	1345,52
834,33	1351,66
834,50	1300,46
834,67	1341,42
834,85	1423,34
835,02	1243,12
835,19	1347,56
835,37	1374,19
835,54	1251,31
835,71	1361,90
835,89	1327,08
836,06	1394,67
836,23	1341,42
836,40	1312,75
836,58	1423,34
836,75	1505,26
836,92	1284,08
837,10	1294,32
837,27	1277,93
837,44	1359,85
837,61	1335,28
837,79	1351,66
837,96	1347,56
838,13	1310,70
838,30	1329,13
838,48	1316,84
838,65	1312,75
838,82	1345,52
838,99	1368,04
839,17	1302,51
839,34	1327,08
839,51	1292,27
839,69	1353,71
839,86	1288,17
840,03	1343,47
840,20	1318,89
840,37	1368,04
840,55	1333,23
840,72	1267,69
840,89	1341,42
841,06	1382,38
841,24	1284,08
841,41	1300,46
841,58	1302,51
841,75	1495,02
841,93	1417,19
842,10	1292,27
842,27	1382,38
842,44	1300,46
842,62	1417,19
842,79	1488,87
842,96	1370,09
843,13	1288,17
843,30	1333,23
843,48	1398,76
843,65	1382,38
843,82	1349,61
843,99	1267,69
844,16	1318,89
844,34	1368,04
844,51	1390,57
844,68	1382,38
844,85	1398,76
845,02	1267,69
845,20	1304,56
845,37	1316,84
845,54	1378,28
845,71	1374,19
845,88	1384,43
846,06	1384,43
846,23	1320,94
846,40	1382,38
846,57	1409,00
846,74	1355,76
846,91	1372,14
847,09	1351,66
847,26	1443,82
847,43	1419,24
847,60	1355,76
847,77	1390,57
847,94	1374,19
848,12	1370,09
848,29	1343,47
848,46	1398,76
848,63	1431,53
848,80	1292,27
848,97	1329,13
849,15	1431,53
849,32	1292,27
849,49	1333,23
849,66	1351,66
849,83	1239,02
850,00	1390,57
850,17	1349,61
850,35	1394,67
850,52	1398,76
850,69	1302,51
850,86	1456,11
851,03	1333,23
851,20	1245,16
851,37	1374,19
851,55	1351,66
851,72	1345,52
851,89	1406,95
852,06	1333,23
852,23	1406,95
852,40	1415,15
852,57	1333,23
852,74	1376,24
852,92	1302,51
853,09	1275,88
853,26	1409,00
853,43	1331,18
853,60	1343,47
853,77	1349,61
853,94	1292,27
854,11	1417,19
854,28	1665,00
854,45	1433,58
854,63	1384,43
854,80	1384,43
854,97	1392,62
855,14	1325,04
855,31	1431,53
855,48	1320,94
855,65	1353,71
855,82	1320,94
855,99	1382,38
856,16	1308,65
856,33	1406,95
856,50	1349,61
856,68	1333,23
856,85	1335,28
857,02	1308,65
857,19	1325,04
857,36	1374,19
857,53	1372,14
857,70	1378,28
857,87	1300,46
858,04	1279,98
858,21	1327,08
858,38	1308,65
858,55	1425,39
858,72	1349,61
858,89	1378,28
859,06	1415,15
859,23	1368,04
859,40	1480,68
859,58	1296,36
859,75	1370,09
859,92	1353,71
860,09	1398,76
860,26	1349,61
860,43	1351,66
860,60	1320,94
860,77	1327,08
860,94	1236,97
861,11	1417,19
861,28	1415,15
861,45	1390,57
861,62	1447,91
861,79	1398,76
861,96	1279,98
862,13	1339,37
862,30	1370,09
862,47	1300,46
862,64	1513,45
862,81	1310,70
862,98	1320,94
863,15	1302,51
863,32	1374,19
863,49	1374,19
863,66	1357,80
863,83	1368,04
864,00	1247,21
864,17	1390,57
864,34	1318,89
864,51	1347,56
864,68	1349,61
864,85	1284,08
865,02	1378,28
865,19	1314,80
865,36	1388,52
865,53	1308,65
865,70	1400,81
865,87	1415,15
866,04	1343,47
866,21	1316,84
866,38	1368,04
866,55	1312,75
866,72	1343,47
866,89	1423,34
867,06	1425,39
867,23	1361,90
867,40	1415,15
867,57	1398,76
867,73	1325,04
867,90	1390,57
868,07	1425,39
868,24	1363,95
868,41	1333,23
868,58	1406,95
868,75	1341,42
868,92	1392,62
869,09	1386,47
869,26	1327,08
869,43	1343,47
869,60	1349,61
869,77	1310,70
869,94	1411,05
870,11	1363,95
870,28	1345,52
870,45	1331,18
870,61	1337,32
870,78	1343,47
870,95	1329,13
871,12	1415,15
871,29	1368,04
871,46	1370,09
871,63	1366,00
871,80	1243,12
871,97	1351,66
872,14	1409,00
872,31	1382,38
872,47	1357,80
872,64	1378,28
872,81	1359,85
872,98	1394,67
873,15	1300,46
873,32	1351,66
873,49	1312,75
873,66	1382,38
873,83	1370,09
874,00	1419,24
874,16	1261,55
874,33	1277,93
874,50	1345,52
874,67	1316,84
874,84	1423,34
875,01	1333,23
875,18	1390,57
875,35	1325,04
875,51	1376,24
875,68	1357,80
875,85	1335,28
876,02	1374,19
876,19	1390,57
876,36	1366,00
876,53	1378,28
876,69	1402,86
876,86	1325,04
877,03	1394,67
877,20	1411,05
877,37	1464,30
877,54	1357,80
877,71	1325,04
877,87	1374,19
878,04	1357,80
878,21	1275,88
878,38	1378,28
878,55	1316,84
878,72	1357,80
878,88	1292,27
879,05	1540,07
879,22	1284,08
879,39	1382,38
879,56	1341,42
879,73	1353,71
879,89	1402,86
880,06	1392,62
880,23	1390,57
880,40	1312,75
880,57	1402,86
880,74	1300,46
880,90	1310,70
881,07	1439,72
881,24	1445,87
881,41	1357,80
881,58	1333,23
881,74	1335,28
881,91	1300,46
882,08	1390,57
882,25	1392,62
882,42	1329,13
882,58	1507,30
882,75	1368,04
882,92	1374,19
883,09	1366,00
883,26	1329,13
883,42	1400,81
883,59	1349,61
883,76	1345,52
883,93	1349,61
884,09	1318,89
884,26	1480,68
884,43	1404,91
884,60	1390,57
884,77	1447,91
884,93	1406,95
885,10	1335,28
885,27	1443,82
885,44	1400,81
885,60	1456,11
885,77	1439,72
885,94	1423,34
886,11	1292,27
886,27	1355,76
886,44	1425,39
886,61	1423,34
886,78	1349,61
886,94	1353,71
887,11	1394,67
887,28	1425,39
887,45	1359,85
887,61	1376,24
887,78	1347,56
887,95	1325,04
888,12	1441,77
888,28	1366,00
888,45	1366,00
888,62	1322,99
888,78	1359,85
888,95	1329,13
889,12	1413,10
889,29	1337,32
889,45	1349,61
889,62	1441,77
889,79	1425,39
889,95	1427,43
890,12	1431,53
890,29	1304,56
890,46	1406,95
890,62	1427,43
