178,13	1210,35
178,35	1210,35
178,57	1210,35
178,78	1196,01
179,00	1169,39
179,22	1368,04
179,44	1318,89
179,66	1431,53
179,87	1398,76
180,09	1423,34
180,31	1507,30
180,53	1366,00
180,75	1370,09
180,96	1366,00
181,18	1376,24
181,40	1316,84
181,62	1378,28
181,84	1456,11
182,05	1458,15
182,27	1499,11
182,49	1488,87
182,71	1449,96
182,92	1533,93
183,14	1525,74
183,36	1525,74
183,58	1599,46
183,80	1619,94
184,01	1497,07
184,23	1595,37
184,45	1654,76
184,67	1578,98
184,89	1529,83
185,10	1529,83
185,32	1521,64
185,54	1478,63
185,76	1566,70
185,97	1507,30
186,19	1550,31
186,41	1480,68
186,63	1548,26
186,84	1480,68
187,06	1431,53
187,28	1566,70
187,50	1472,49
187,72	1591,27
187,93	1570,79
188,15	1456,11
188,37	1509,35
188,59	1439,72
188,80	1562,60
189,02	1456,11
189,24	1505,26
189,46	1482,73
189,67	1597,42
189,89	1564,65
190,11	1538,02
190,33	1542,12
190,54	1554,41
190,76	1595,37
190,98	1562,60
191,20	1466,35
191,41	1484,78
191,63	1615,85
191,85	1513,45
192,07	1595,37
192,28	1529,83
192,50	1538,02
192,72	1480,68
192,94	1595,37
193,15	1513,45
193,37	1591,27
193,59	1572,84
193,81	1611,75
194,02	1587,18
194,24	1482,73
194,46	1497,07
194,67	1619,94
194,89	1501,16
195,11	1564,65
195,33	1456,11
195,54	1521,64
195,76	1570,79
195,98	1521,64
196,20	1490,92
196,41	1529,83
196,63	1564,65
196,85	1529,83
197,06	1529,83
197,28	1521,64
197,50	1447,91
197,72	1562,60
197,93	1529,83
198,15	1505,26
198,37	1488,87
198,58	1570,79
198,80	1542,12
199,02	1570,79
199,24	1497,07
199,45	1497,07
199,67	1529,83
199,89	1474,54
200,10	1505,26
200,32	1394,67
200,54	1478,63
200,76	1484,78
200,97	1578,98
201,19	1456,11
201,41	1464,30
201,62	1546,22
201,84	1523,69
202,06	1542,12
202,28	1517,54
202,49	1619,94
202,71	1564,65
202,93	1548,26
203,14	1574,89
203,36	1488,87
203,58	1480,68
203,79	1556,46
204,01	1464,30
204,23	1529,83
204,44	1611,75
204,66	1538,02
204,88	1554,41
205,10	1556,46
205,31	1521,64
205,53	1521,64
205,75	1570,79
205,96	1507,30
206,18	1562,60
206,40	1464,30
206,61	1456,11
206,83	1513,45
207,05	1458,15
207,26	1472,49
207,48	1531,88
207,70	1497,07
207,91	1546,22
208,13	1540,07
208,35	1480,68
208,56	1521,64
208,78	1570,79
209,00	1544,17
209,21	1554,41
209,43	1572,84
209,65	1497,07
209,86	1497,07
210,08	1570,79
210,30	1562,60
210,51	1492,97
210,73	1472,49
210,95	1460,20
211,16	1583,08
211,38	1443,82
211,60	1490,92
211,81	1449,96
212,03	1578,98
212,25	1564,65
212,46	1472,49
212,68	1540,07
212,90	1529,83
213,11	1476,59
213,33	1591,27
213,55	1595,37
213,76	1605,61
213,98	1449,96
214,20	1578,98
214,41	1441,77
214,63	1581,03
214,84	1423,34
215,06	1521,64
215,28	1570,79
215,49	1603,56
215,71	1527,78
215,93	1628,14
216,14	1505,26
216,36	1587,18
216,58	1468,39
216,79	1464,30
217,01	1587,18
217,22	1476,59
217,44	1685,48
217,66	1466,35
217,87	1521,64
218,09	1505,26
218,31	1452,01
218,52	1562,60
218,74	1521,64
218,95	1564,65
219,17	1492,97
219,39	1525,74
219,60	1570,79
219,82	1554,41
220,04	1619,94
220,25	1460,20
220,47	1460,20
220,68	1570,79
220,90	1480,68
221,12	1513,45
221,33	1492,97
221,55	1490,92
221,77	1513,45
221,98	1574,89
222,20	1513,45
222,41	1546,22
222,63	1501,16
222,85	1548,26
223,06	1517,54
223,28	1415,15
223,49	1595,37
223,71	1538,02
223,93	1497,07
224,14	1546,22
224,36	1636,33
224,57	1564,65
224,79	1564,65
225,01	1497,07
225,22	1546,22
225,44	1419,24
225,65	1484,78
225,87	1603,56
226,09	1523,69
226,30	1554,41
226,52	1546,22
226,73	1398,76
226,95	1587,18
227,17	1578,98
227,38	1513,45
227,60	1587,18
227,81	1472,49
228,03	1439,72
228,24	1556,46
228,46	1558,50
228,68	1558,50
228,89	1464,30
229,11	1398,76
229,32	1611,75
229,54	1505,26
229,75	1572,84
229,97	1466,35
230,19	1472,49
230,40	1554,41
230,62	1472,49
230,83	1529,83
231,05	1464,30
231,26	1472,49
231,48	1515,50
231,70	1619,94
231,91	1488,87
232,13	1531,88
232,34	1544,17
232,56	1480,68
232,77	1513,45
232,99	1554,41
233,21	1669,09
233,42	1480,68
233,64	1480,68
233,85	1443,82
234,07	1564,65
234,28	1562,60
234,50	1515,50
234,71	1505,26
234,93	1564,65
235,15	1447,91
235,36	1466,35
235,58	1497,07
235,79	1464,30
236,01	1466,35
236,22	1587,18
236,44	1521,64
236,65	1497,07
236,87	1617,90
237,08	1497,07
237,30	1542,12
237,52	1570,79
237,73	1517,54
237,95	1564,65
238,16	1460,20
238,38	1607,66
238,59	1464,30
238,81	1558,50
239,02	1507,30
239,24	1564,65
239,45	1480,68
239,67	1513,45
239,88	1513,45
240,10	1628,14
240,31	1497,07
240,53	1490,92
240,74	1538,02
240,96	1554,41
241,18	1558,50
241,39	1460,20
241,61	1540,07
241,82	1458,15
242,04	1464,30
242,25	1523,69
242,47	1499,11
242,68	1558,50
242,90	1521,64
243,11	1443,82
243,33	1501,16
243,54	1685,48
243,76	1474,54
243,97	1603,56
244,19	1529,83
244,40	1538,02
244,62	1456,11
244,83	1548,26
245,05	1515,50
245,26	1472,49
245,48	1499,11
245,69	1570,79
245,91	1482,73
246,12	1464,30
246,34	1548,26
246,55	1540,07
246,77	1456,11
246,98	1521,64
247,20	1482,73
247,41	1435,63
247,63	1433,58
247,84	1474,54
248,06	1587,18
248,27	1480,68
248,49	1540,07
248,70	1505,26
248,92	1419,24
249,13	1398,76
249,35	1476,59
249,56	1550,31
249,78	1425,39
249,99	1540,07
250,21	1486,83
250,42	1517,54
250,64	1566,70
250,85	1558,50
251,06	1632,23
251,28	1474,54
251,49	1529,83
251,71	1517,54
251,92	1464,30
252,14	1513,45
252,35	1449,96
252,57	1480,68
252,78	1583,08
253,00	1570,79
253,21	1480,68
253,43	1581,03
253,64	1439,72
253,86	1433,58
254,07	1472,49
254,28	1456,11
254,50	1570,79
254,71	1482,73
254,93	1497,07
255,14	1540,07
255,36	1523,69
255,57	1554,41
255,79	1470,44
256,00	1525,74
256,22	1464,30
256,43	1497,07
256,64	1619,94
256,86	1593,32
257,07	1531,88
257,29	1513,45
257,50	1439,72
257,72	1542,12
257,93	1497,07
258,15	1679,33
258,36	1406,95
258,57	1578,98
258,79	1521,64
259,00	1472,49
259,22	1501,16
259,43	1476,59
259,65	1497,07
259,86	1540,07
260,08	1449,96
260,29	1800,16
260,50	1468,39
260,72	1800,16
260,93	1505,26
261,15	1468,39
261,36	1566,70
261,58	1435,63
261,79	1497,07
262,00	1558,50
262,22	1621,99
262,43	1472,49
262,65	1472,49
262,86	1480,68
263,07	1517,54
263,29	1611,75
263,50	1484,78
263,72	1501,16
263,93	1509,35
264,15	1513,45
264,36	1409,00
264,57	1509,35
264,79	1611,75
265,00	1564,65
265,22	1531,88
265,43	1523,69
265,64	1513,45
265,86	1480,68
266,07	1458,15
266,29	1472,49
266,50	1480,68
266,71	1570,79
266,93	1480,68
267,14	1505,26
267,36	1513,45
267,57	1556,46
267,78	1439,72
268,00	1597,42
268,21	1603,56
268,43	1546,22
268,64	1449,96
268,85	1443,82
269,07	1464,30
269,28	1578,98
269,50	1499,11
269,71	1484,78
269,92	1472,49
270,14	1619,94
270,35	1447,91
270,56	1548,26
270,78	1544,17
270,99	1529,83
271,21	1507,30
271,42	1531,88
271,63	1509,35
271,85	1456,11
272,06	1492,97
272,27	1466,35
272,49	1443,82
272,70	1511,40
272,92	1603,56
273,13	1513,45
273,34	1515,50
273,56	1466,35
273,77	1531,88
273,98	1497,07
274,20	1533,93
274,41	1570,79
274,63	1509,35
274,84	1468,39
275,05	1523,69
275,27	1570,79
275,48	1531,88
275,69	1529,83
275,91	1476,59
276,12	1501,16
276,33	1515,50
276,55	1390,57
276,76	1507,30
276,97	1621,99
277,19	1540,07
277,40	1472,49
277,61	1464,30
277,83	1554,41
278,04	1488,87
278,26	1523,69
278,47	1519,59
278,68	1554,41
278,90	1497,07
279,11	1497,07
279,32	1488,87
279,54	1628,14
279,75	1587,18
279,96	1611,75
280,18	1619,94
280,39	1558,50
280,60	1535,98
280,82	1554,41
281,03	1525,74
281,24	1587,18
281,46	1562,60
281,67	1572,84
281,88	1482,73
282,10	1509,35
282,31	1490,92
282,52	1515,50
282,74	1366,00
282,95	1538,02
283,16	1480,68
283,37	1521,64
283,59	1501,16
283,80	1497,07
284,01	1603,56
284,23	1505,26
284,44	1554,41
284,65	1652,71
284,87	1492,97
285,08	1570,79
285,29	1540,07
285,51	1562,60
285,72	1501,16
285,93	1548,26
286,15	1486,83
286,36	1513,45
286,57	1517,54
286,78	1472,49
287,00	1562,60
287,21	1521,64
287,42	1521,64
287,64	1474,54
287,85	1611,75
288,06	1578,98
288,28	1589,22
288,49	1529,83
288,70	1587,18
288,91	1482,73
289,13	1617,90
289,34	1599,46
289,55	1511,40
289,77	1501,16
289,98	1570,79
290,19	1560,55
290,40	1456,11
290,62	1685,48
290,83	1466,35
291,04	1570,79
291,26	1452,01
291,47	1546,22
291,68	1538,02
291,89	1431,53
292,11	1685,48
292,32	1484,78
292,53	1499,11
292,74	1517,54
292,96	1509,35
293,17	1521,64
293,38	1458,15
293,60	1591,27
293,81	1511,40
294,02	1513,45
294,23	1497,07
294,45	1572,84
294,66	1550,31
294,87	1630,18
295,08	1515,50
295,30	1560,55
295,51	1546,22
295,72	1646,57
295,93	1513,45
296,15	1548,26
296,36	1548,26
296,57	1605,61
296,78	1523,69
297,00	1443,82
297,21	1460,20
297,42	1523,69
297,63	1476,59
297,85	1531,88
298,06	1581,03
298,27	1562,60
298,48	1497,07
298,70	1566,70
298,91	1652,71
299,12	1513,45
299,33	1570,79
299,55	1578,98
299,76	1456,11
299,97	1538,02
300,18	1480,68
300,40	1509,35
300,61	1574,89
300,82	1529,83
301,03	1456,11
301,24	1472,49
301,46	1525,74
301,67	1568,74
301,88	1501,16
302,09	1521,64
302,31	1531,88
302,52	1540,07
302,73	1605,61
302,94	1578,98
303,15	1480,68
303,37	1443,82
303,58	1521,64
303,79	1499,11
304,00	1562,60
304,22	1472,49
304,43	1587,18
304,64	1513,45
304,85	1472,49
305,06	1562,60
305,28	1499,11
305,49	1523,69
305,70	1621,99
305,91	1456,11
306,12	1562,60
306,34	1492,97
306,55	1478,63
306,76	1482,73
306,97	1621,99
307,18	1529,83
307,40	1538,02
307,61	1531,88
307,82	1409,00
308,03	1540,07
308,24	1570,79
308,46	1564,65
308,67	1564,65
308,88	1456,11
309,09	1665,00
309,30	1611,75
309,52	1484,78
309,73	1611,75
309,94	1492,97
310,15	1546,22
310,36	1552,36
310,57	1482,73
310,79	1476,59
311,00	1562,60
311,21	1529,83
311,42	1611,75
311,63	1611,75
311,85	1488,87
312,06	1542,12
312,27	1507,30
312,48	1521,64
312,69	1501,16
312,90	1615,85
313,12	1572,84
313,33	1558,50
313,54	1615,85
313,75	1472,49
313,96	1619,94
314,17	1425,39
314,39	1515,50
314,60	1603,56
314,81	1644,52
315,02	1452,01
315,23	1554,41
315,44	1619,94
315,65	1564,65
315,87	1548,26
316,08	1578,98
316,29	1538,02
316,50	1554,41
316,71	1562,60
316,92	1578,98
317,14	1468,39
317,35	1529,83
317,56	1554,41
317,77	1570,79
317,98	1564,65
318,19	1572,84
318,40	1603,56
318,62	1734,63
318,83	1570,79
319,04	1607,66
319,25	1540,07
319,46	1701,86
319,67	1636,33
319,88	1564,65
320,09	1523,69
320,31	1611,75
320,52	1515,50
320,73	1611,75
320,94	1476,59
321,15	1669,09
321,36	1562,60
321,57	1628,14
321,78	1515,50
322,00	1603,56
322,21	1572,84
322,42	1595,37
322,63	1669,09
322,84	1595,37
323,05	1619,94
323,26	1578,98
323,47	1621,99
323,69	1611,75
323,90	1638,38
324,11	1546,22
324,32	1583,08
324,53	1591,27
324,74	1562,60
324,95	1632,23
325,16	1562,60
325,37	1624,04
325,59	1548,26
325,80	1611,75
326,01	1521,64
326,22	1656,81
326,43	1648,61
326,64	1636,33
326,85	1624,04
327,06	1538,02
327,27	1550,31
327,48	1687,53
327,69	1808,36
327,91	1632,23
328,12	1587,18
328,33	1603,56
328,54	1652,71
328,75	1652,71
328,96	1726,44
329,17	1636,33
329,38	1652,71
329,59	1581,03
329,80	1980,39
330,01	1677,29
330,23	1615,85
330,44	1611,75
330,65	1652,71
330,86	1603,56
331,07	1587,18
331,28	1693,67
331,49	1548,26
331,70	1636,33
331,91	1665,00
332,12	1630,18
332,33	1591,27
332,54	1630,18
332,75	1718,25
332,96	1597,42
333,17	1673,19
333,39	1734,63
333,60	1660,90
333,81	1660,90
334,02	1628,14
334,23	1701,86
334,44	1644,52
334,65	1693,67
334,86	1652,71
335,07	1746,92
335,28	1630,18
335,49	1730,53
335,70	1636,33
335,91	1595,37
336,12	1763,30
336,33	1742,82
336,54	1693,67
336,75	1705,96
336,96	1695,72
337,17	1802,21
337,39	1771,49
337,60	1640,42
337,81	1751,01
338,02	1669,09
338,23	1746,92
338,44	1677,29
338,65	1726,44
338,86	1767,40
339,07	1734,63
339,28	1695,72
339,49	1687,53
339,70	1693,67
339,91	1736,68
340,12	1685,48
340,33	1751,01
340,54	1636,33
340,75	1722,34
340,96	1687,53
341,17	1804,26
341,38	1742,82
341,59	1791,97
341,80	1837,03
342,01	1681,38
342,22	1681,38
342,43	1710,05
342,64	1744,87
342,85	1824,74
343,06	1816,55
343,27	1742,82
343,48	1800,16
343,69	1767,40
343,90	1712,10
344,11	1767,40
344,32	1775,59
344,53	1767,40
344,74	1753,06
344,95	1775,59
345,16	1802,21
345,37	1703,91
345,58	1873,89
345,79	1791,97
346,00	1845,22
346,21	1710,05
346,42	1791,97
346,63	1816,55
346,84	1787,88
347,05	1742,82
347,26	1728,49
347,47	1720,29
347,68	1841,12
347,89	1816,55
348,10	1701,86
348,31	1826,79
348,52	1744,87
348,73	1785,83
348,94	1736,68
349,15	1871,84
349,36	1845,22
349,57	1759,21
349,78	1884,13
349,99	1783,78
350,20	1834,98
350,41	1791,97
350,62	1718,25
350,83	1927,14
351,04	1734,63
351,25	1849,32
351,46	1857,51
351,67	1806,31
351,88	1742,82
352,09	1834,98
352,30	1900,52
352,50	1812,45
352,71	1867,75
352,92	1761,25
353,13	1828,84
353,34	1841,12
353,55	1964,00
353,76	1837,03
353,97	1955,81
354,18	1812,45
354,39	1882,08
354,60	2047,97
354,81	1804,26
355,02	1939,43
355,23	1976,29
355,44	1832,93
355,65	1873,89
355,86	1845,22
356,07	1908,71
356,28	1976,29
356,48	1923,04
356,69	1892,32
356,90	1947,62
357,11	1916,90
357,32	2000,87
357,53	1882,08
357,74	1955,81
357,95	2078,69
358,16	1923,04
358,37	1910,75
358,58	2009,06
358,79	1953,76
359,00	2056,16
359,21	1988,58
359,41	2056,16
359,62	2054,11
359,83	1955,81
360,04	1939,43
360,25	2060,26
360,46	2054,11
360,67	2029,54
360,88	1931,23
361,09	2066,40
361,30	2037,73
361,51	1988,58
361,72	1988,58
361,92	2086,88
362,13	1931,23
362,34	1996,77
362,55	2078,69
362,76	2021,35
362,97	2119,65
363,18	2041,82
363,39	2129,89
363,60	2056,16
363,81	2007,01
364,01	2197,47
364,22	2131,94
364,43	2039,78
364,64	2064,35
364,85	2127,84
365,06	2074,59
365,27	2078,69
365,48	2136,03
365,69	2119,65
365,89	2181,09
366,10	2205,66
366,31	2062,30
366,52	2144,22
366,73	2179,04
366,94	2252,77
367,15	2127,84
367,36	2103,26
367,57	2295,77
367,77	2275,29
367,98	2228,19
368,19	2152,42
368,40	2234,33
368,61	2217,95
368,82	2088,93
369,03	2144,22
369,23	2281,44
369,44	2170,85
369,65	2148,32
369,86	2211,81
370,07	2228,19
370,28	2209,76
370,49	2344,92
370,70	2293,72
370,90	2254,81
371,11	2222,05
371,32	2234,33
371,53	2301,92
371,74	2140,13
371,95	2301,92
372,16	2207,71
372,36	2197,47
372,57	2252,77
372,78	2246,62
372,99	2258,91
373,20	2277,34
373,41	2199,52
373,61	2258,91
373,82	2340,83
374,03	2308,06
374,24	2367,45
374,45	2336,73
374,66	2228,19
374,86	2367,45
375,07	2324,44
375,28	2351,07
375,49	2326,49
375,70	2340,83
375,91	2318,30
376,11	2344,92
376,32	2310,11
376,53	2310,11
376,74	2451,42
376,95	2793,43
377,16	2469,85
377,36	2457,56
377,57	2457,56
377,78	2432,99
377,99	2473,95
378,20	2492,38
378,40	2529,24
378,61	2480,09
378,82	2504,67
379,03	2449,37
379,24	2578,39
379,45	2439,13
379,65	2383,84
379,86	2432,99
380,07	2455,51
380,28	2392,03
380,49	2562,01
380,69	2488,28
380,90	2553,82
381,11	2555,86
381,32	2557,91
381,53	2529,24
381,73	2580,44
381,94	2529,24
382,15	2521,05
382,36	2531,29
382,57	2549,72
382,77	2523,10
382,98	2463,71
383,19	2621,40
383,40	2678,74
383,60	2613,21
383,81	2701,27
384,02	2621,40
384,23	2627,54
384,44	2521,05
384,64	2621,40
384,85	2668,50
385,06	2631,64
385,27	2701,27
385,48	2678,74
385,68	2654,17
385,89	2686,94
386,10	2643,93
386,31	2658,26
386,51	2758,61
386,72	2750,42
386,93	2695,13
387,14	2760,66
387,34	2668,50
387,55	2580,44
387,76	2762,71
387,97	2746,33
388,17	2775,00
388,38	2652,12
388,59	2756,57
388,80	2811,86
389,01	2865,11
389,21	2809,81
389,42	2848,72
389,63	2840,53
389,84	2775,00
390,04	2840,53
390,25	2897,88
390,46	2901,97
390,67	2873,30
390,87	2910,16
391,08	2809,81
391,29	2906,07
391,49	2916,31
391,70	2848,72
391,91	2834,39
392,12	2832,34
392,32	2889,68
392,53	2975,70
392,74	3028,95
392,95	2908,12
393,15	3041,23
393,36	2832,34
393,57	3065,81
393,78	2987,99
393,98	3004,37
394,19	2949,08
394,40	3094,48
394,60	3104,72
394,81	2908,12
395,02	2891,73
395,23	2996,18
395,43	3168,21
395,64	3168,21
395,85	3071,95
396,06	3094,48
396,26	3127,25
396,47	2990,03
396,68	3135,44
396,88	3121,10
397,09	2987,99
397,30	3254,22
397,50	3211,22
397,71	3178,45
397,92	3151,82
398,13	3145,68
398,33	3143,63
398,54	3272,65
398,75	3268,56
398,95	3342,28
399,16	3176,40
399,37	3262,41
399,57	3389,39
399,78	3497,93
399,99	3424,20
400,20	3545,03
400,40	3307,47
400,61	3418,06
400,82	3225,55
401,02	3463,12
401,23	3481,55
401,44	3399,63
401,64	3454,92
401,85	3438,54
402,06	3557,32
402,26	3483,59
402,47	3422,16
402,68	3696,58
402,88	3463,12
403,09	3651,53
403,30	3459,02
403,50	3438,54
403,71	3692,49
403,92	3309,52
404,12	3409,87
404,33	3332,05
404,54	3401,68
404,74	3397,58
404,95	3399,63
405,16	3456,97
405,36	3377,10
405,57	3504,07
405,78	3594,19
405,98	3553,23
406,19	3557,32
406,40	3676,10
406,60	3758,02
406,81	3872,71
407,02	3798,98
407,22	3758,02
407,43	3774,41
407,64	3962,82
407,84	3827,65
408,05	3946,44
408,26	3796,93
408,46	4153,28
408,67	4040,64
408,87	3997,64
409,08	3885,00
409,29	4153,28
409,49	3999,68
409,70	4097,99
409,91	4093,89
410,11	4233,15
410,32	4171,71
410,53	4052,93
410,73	3954,63
410,94	4167,62
411,14	4110,27
411,35	4272,06
411,56	4224,96
411,76	4151,23
411,97	4237,25
412,18	4136,90
412,38	4290,49
412,59	4241,34
412,79	4249,54
413,00	4315,07
413,21	4200,38
413,41	4302,78
413,62	4466,62
413,82	4284,35
414,03	4331,45
414,24	4470,72
414,44	4302,78
414,65	4437,95
414,86	4407,23
415,06	4532,15
415,27	4265,92
415,47	4427,71
415,68	4607,93
415,89	4374,46
416,09	4601,79
416,30	4497,34
416,50	4562,87
416,71	4650,94
416,92	4536,25
417,12	4478,91
417,33	4507,58
417,53	4626,36
417,74	4546,49
417,94	4782,01
418,15	4691,90
418,36	4573,11
418,56	4700,09
418,77	4652,98
418,97	4544,44
419,18	4675,51
419,39	4618,17
419,59	4761,53
419,80	4718,52
420,00	4691,90
420,21	4638,65
420,41	4773,82
420,62	4908,98
420,83	4773,82
421,03	4786,10
421,24	4798,39
421,44	5031,86
421,65	4863,93
421,85	4790,20
422,06	4882,36
422,27	4937,65
422,47	4956,08
422,68	5060,53
422,88	4986,80
423,09	4978,61
423,29	5003,19
423,50	5060,53
423,70	4822,97
423,91	5068,72
424,12	5070,77
424,32	5015,48
424,53	5300,14
424,73	5240,75
424,94	5126,07
425,14	5117,87
425,35	4988,85
425,55	5224,37
425,76	5195,70
425,96	5306,29
426,17	5191,60
426,37	5171,12
426,58	5275,57
426,79	5349,29
426,99	5363,63
427,20	5384,11
427,40	5406,64
427,61	5248,94
427,81	5420,97
428,02	5531,56
428,22	5642,15
428,43	5629,87
428,63	5283,76
428,84	5496,75
429,04	5416,88
429,25	5822,38
429,45	5633,96
429,66	5889,96
429,86	5527,47
430,07	5425,07
430,27	5683,11
430,48	5769,13
430,68	5660,59
430,89	5871,53
431,09	5724,07
431,30	5580,71
431,50	5793,70
431,71	5842,85
431,91	5797,80
432,12	5799,85
432,32	5883,81
432,53	5947,30
432,73	5633,96
432,94	5816,23
433,14	6068,13
433,35	5916,58
433,55	6018,98
433,76	6004,64
433,96	5945,25
434,17	6254,50
434,37	6068,13
434,58	6018,98
434,78	5998,50
434,99	6256,54
435,19	6150,05
435,40	6248,35
435,60	6223,78
435,81	6305,70
436,01	6289,31
436,22	6387,61
436,42	6277,02
436,63	6031,27
436,83	6428,57
437,04	6576,03
437,24	6469,53
437,45	6395,81
437,65	6225,82
437,86	6455,20
438,06	6694,81
438,26	6477,73
438,47	6447,01
438,67	6723,48
438,88	6514,59
439,08	6510,49
439,29	6637,47
439,49	6877,08
439,70	6690,71
439,90	6537,12
440,11	6938,52
440,31	6842,26
440,52	6717,34
440,72	6784,92
440,92	6569,88
441,13	6711,19
441,33	7083,92
441,54	7198,61
441,74	6805,40
441,95	6936,47
442,15	7303,06
442,36	7047,06
442,56	7206,80
442,76	7010,20
442,97	7014,29
443,17	6997,91
443,38	7288,72
443,58	6911,89
443,79	6862,74
443,99	7077,78
444,19	7231,38
444,40	7272,34
444,60	7110,55
444,81	7051,16
445,01	7309,20
445,22	6881,18
445,42	7124,88
445,62	7217,04
445,83	7348,11
446,03	7354,26
446,24	7124,88
446,44	7542,67
446,64	7329,68
446,85	7268,24
447,05	7358,35
447,26	7456,65
447,46	7569,29
447,67	7346,06
447,87	7341,97
448,07	7618,44
448,28	7575,44
448,48	7227,28
448,69	7165,84
448,89	7378,83
449,09	7411,60
449,30	7618,44
449,50	7813,00
449,71	7542,67
449,91	7831,43
450,11	7559,05
450,32	7673,74
450,52	7624,59
450,72	7714,70
450,93	7858,06
451,13	7571,34
451,34	7585,68
451,54	7796,62
451,74	7800,71
451,95	7657,36
452,15	7487,37
452,36	7616,40
452,56	8169,35
452,76	7765,90
452,97	7698,31
453,17	8148,87
453,37	7913,35
453,58	8101,76
453,78	8402,82
453,98	8099,72
454,19	7976,84
454,39	7903,11
454,60	8112,00
454,80	8003,46
455,00	8365,95
455,21	7821,19
455,41	8480,64
455,61	8140,68
455,82	8132,48
456,02	8116,10
456,22	8083,33
456,43	8247,17
456,63	8673,15
456,84	8763,26
457,04	8617,85
457,24	8306,56
457,45	8554,37
457,65	9095,03
457,85	8779,64
458,06	8789,88
458,26	8443,78
458,46	8877,94
458,67	8968,06
458,87	8845,18
459,07	8808,31
459,28	8861,56
459,48	8877,94
459,68	9017,21
459,89	8984,44
460,09	9246,58
460,29	9516,91
460,50	9084,79
460,70	9334,64
460,90	9205,62
461,11	9582,45
461,31	9602,93
461,51	9615,21
461,72	9650,03
461,92	9729,90
462,12	9303,92
462,32	9365,36
462,53	9992,04
462,73	10055,53
462,93	9981,80
463,14	9897,83
463,34	9787,24
463,54	9795,43
463,75	9738,09
463,95	9973,61
464,15	10196,84
464,36	10352,48
464,56	10221,41
464,76	10133,35
464,96	10280,80
465,17	10491,74
465,37	10254,18
465,57	10741,60
465,78	10860,38
465,98	10536,80
466,18	10803,04
466,39	10809,18
466,59	11261,78
466,79	11024,22
466,99	11143,00
467,20	11282,26
467,40	11116,37
467,60	11114,33
467,81	11157,33
468,01	11738,96
468,21	11474,77
468,41	11458,39
468,62	11505,49
468,82	11779,92
469,02	11704,14
469,22	11990,86
469,43	11687,76
469,63	12392,26
469,83	12465,99
470,04	12552,00
470,24	12685,12
470,44	12818,24
470,64	13164,34
470,85	12597,06
471,05	12433,22
471,25	12715,84
471,45	13186,87
471,66	13227,83
471,86	13604,66
472,06	13641,52
472,26	13780,78
472,47	13219,64
472,67	13801,26
472,87	14372,64
473,07	13811,50
473,28	13711,15
473,48	13702,96
473,68	14112,55
473,88	14415,65
474,09	14272,29
474,29	14802,72
474,49	14622,50
474,69	15144,73
474,90	15111,96
475,10	14677,79
475,30	15537,94
475,50	15294,23
475,70	15406,87
475,91	15597,33
476,11	15730,45
476,31	16183,05
476,51	15900,43
476,72	16195,34
476,92	15980,30
477,12	16920,32
477,32	16193,29
477,53	16545,54
477,73	16748,29
477,93	16889,60
478,13	16844,54
478,33	16668,42
478,54	17043,20
478,74	17202,94
478,94	17311,48
479,14	17471,22
479,34	17217,27
479,55	17710,83
479,75	17721,07
479,95	17981,17
480,15	18503,40
480,35	18538,21
480,56	18429,67
480,76	18663,14
480,96	18863,84
481,16	18601,70
481,36	18611,94
481,57	18888,42
481,77	18874,08
481,97	19130,08
482,17	19203,80
482,37	19713,75
482,58	19330,78
482,78	19377,88
482,98	19814,10
483,18	19732,18
483,38	19685,08
483,58	19943,12
483,79	20393,67
483,99	20244,17
484,19	20311,75
484,39	20612,81
484,59	20833,99
484,80	20960,96
485,00	20883,14
485,20	20817,60
485,40	21606,07
485,60	20997,82
485,80	21399,23
486,01	21427,90
486,21	21153,47
486,41	22152,88
486,61	22085,30
486,81	21866,16
487,01	21919,41
487,22	22501,03
487,42	22353,58
487,62	22470,31
487,82	22570,66
488,02	22423,21
488,22	22607,53
488,42	22797,99
488,63	23080,61
488,83	22939,30
489,03	23361,18
489,23	23195,29
489,43	23312,03
489,63	23615,13
489,83	23344,80
490,04	23746,20
490,24	23682,71
490,44	23834,26
490,64	23971,47
490,84	24014,48
491,04	24276,62
491,24	24118,93
491,44	24532,62
491,65	24127,12
491,85	24589,96
492,05	24690,31
492,25	24516,23
492,45	24639,11
492,65	24979,07
492,85	24948,36
493,05	24993,41
493,26	24835,72
493,46	25355,90
493,66	25048,71
493,86	25376,38
494,06	25593,47
494,26	25417,34
494,46	25681,53
494,66	25503,35
494,86	25794,17
495,07	25613,95
495,27	25775,73
495,47	26166,90
495,67	25693,82
495,87	26007,16
496,07	26121,84
496,27	26353,26
496,47	26230,38
496,67	26308,21
496,87	26752,62
497,08	26728,04
497,28	26682,98
497,48	26895,97
497,68	26900,07
497,88	27162,21
498,08	27014,76
498,28	27117,15
498,48	26855,01
498,68	26961,51
498,88	27207,26
499,08	26707,56
499,29	27336,29
499,49	27692,63
499,69	27156,07
499,89	27567,71
500,09	27719,26
500,29	27620,95
500,49	27876,95
500,69	27942,49
500,89	27590,24
501,09	27801,18
501,29	28022,36
501,49	28309,07
501,69	28307,02
501,89	28397,13
502,09	28520,01
502,30	28513,87
502,50	28489,29
502,70	28247,63
502,90	28425,81
503,10	28687,95
503,30	28870,22
503,50	28819,02
503,70	28472,91
503,90	29054,53
504,10	29279,81
504,30	29036,10
504,50	29515,33
504,70	28993,09
504,90	29232,71
505,10	29382,21
505,30	29396,54
505,50	29832,76
505,70	29619,77
505,90	29939,26
506,10	29922,87
506,30	30176,82
506,50	29974,07
506,70	30420,53
506,90	30357,04
507,11	30398,00
507,31	30137,91
507,51	30281,27
507,71	30828,07
507,91	30887,46
508,11	31047,21
508,31	30613,04
508,51	30979,62
508,71	31096,36
508,91	31481,38
509,11	31331,87
509,31	31303,20
509,51	31645,21
509,71	31893,02
509,91	31485,47
510,11	31741,47
510,31	32456,21
510,51	32269,84
510,71	32505,36
510,91	32691,73
511,11	32534,03
511,31	32634,38
511,51	32667,15
511,71	32777,74
511,91	32622,09
512,11	32951,82
512,31	32900,62
512,51	33779,20
512,71	33420,80
512,91	33510,91
513,11	33795,58
513,31	33992,19
513,51	33822,20
513,71	33590,78
513,91	34151,93
514,11	34604,53
514,31	34870,76
514,51	34665,97
514,71	34641,39
514,90	34657,78
515,10	35255,78
515,30	35186,15
515,50	34948,59
515,70	35624,42
515,90	35692,00
516,10	35743,20
516,30	35501,54
516,50	35939,80
516,70	35751,39
516,90	36103,64
517,10	36742,61
517,30	36814,29
517,50	36642,26
517,70	36408,79
517,90	37168,58
518,10	36269,53
518,30	36976,08
518,50	37430,72
518,70	37291,46
518,90	37215,69
519,10	37242,31
519,30	37203,40
519,50	37903,81
519,69	37801,41
519,89	37785,02
520,09	38106,55
520,29	37907,90
520,49	38059,45
520,69	37967,29
520,89	37989,82
521,09	38276,54
521,29	38862,26
521,49	38491,57
521,69	38739,38
521,89	38831,54
522,09	38661,55
522,29	39071,15
522,48	38901,17
522,68	38682,03
522,88	38958,51
523,08	38495,67
523,28	38917,55
523,48	38677,94
523,68	39183,79
523,88	39458,21
524,08	39198,12
524,28	39546,28
524,48	39517,60
524,68	39859,62
524,87	39335,34
525,07	39701,92
525,27	39798,18
525,47	39595,43
525,67	39654,82
525,87	39220,65
526,07	39806,37
526,27	39955,87
526,47	39632,29
526,67	39603,62
526,86	39785,89
527,06	39402,92
527,26	39773,60
527,46	39945,63
527,66	39751,07
527,86	39443,88
528,06	39851,42
528,26	40211,87
528,46	40045,98
528,65	40009,12
528,85	40265,11
529,05	39773,60
529,25	40334,74
529,45	40617,36
529,65	39744,93
529,85	40451,48
530,05	39962,01
530,24	40330,65
530,44	40412,57
530,64	40379,80
530,84	40611,22
531,04	40453,53
531,24	40252,83
531,44	40615,32
531,63	40869,26
531,83	40707,47
532,03	40899,98
532,23	40824,21
532,43	40981,90
532,63	41037,20
532,83	40770,96
533,02	41301,39
533,22	40658,32
533,42	40590,74
533,62	41264,52
533,82	41219,47
534,02	41164,17
534,22	40811,92
534,41	41311,63
534,61	41041,29
534,81	41168,27
535,01	40799,63
535,21	41600,39
535,41	41504,13
535,60	40979,85
535,80	41358,73
536,00	41870,72
536,20	40850,83
536,40	41125,26
536,60	41444,74
536,79	41772,42
536,99	41549,19
537,19	41958,78
537,39	41340,30
537,59	42151,29
537,78	41344,39
537,98	42018,17
538,18	41416,07
538,38	41516,42
538,58	41901,44
538,77	42165,63
538,97	41500,04
539,17	41688,45
539,37	42198,40
539,57	41747,84
539,77	42544,50
539,96	42167,68
540,16	42648,95
540,36	42159,48
540,56	42515,83
540,76	42646,90
540,95	42196,35
541,15	42552,69
541,35	42773,88
541,55	42968,43
541,74	42972,53
541,94	41979,26
542,14	41889,15
542,34	42567,03
542,54	42874,23
542,73	42945,90
542,93	42581,37
543,13	42687,86
543,33	42988,91
543,53	43746,66
543,72	43087,21
543,92	42872,18
544,12	42874,23
544,32	42726,77
544,51	43314,54
544,71	43406,70
544,91	43040,11
545,11	43144,56
545,30	43087,21
545,50	42587,51
545,70	43441,51
545,90	42950,00
546,10	43033,97
546,29	43644,26
546,49	43201,90
546,69	43470,18
546,89	43199,85
547,08	43767,14
547,28	43275,63
547,48	43519,34
547,68	43685,22
547,87	43871,59
548,07	43312,49
548,27	43720,04
548,47	43384,17
548,66	43916,64
548,86	43416,94
549,06	43468,14
549,25	43658,60
549,45	43939,17
549,65	43629,93
549,85	44367,20
550,04	44238,17
550,24	44340,57
550,44	43699,56
550,64	44232,03
550,83	44494,17
551,03	44082,53
551,23	44268,89
551,43	44289,37
551,62	44553,56
551,82	44068,19
552,02	44229,98
552,21	44158,30
552,41	44655,96
552,61	44543,32
552,81	43912,55
553,00	44393,82
553,20	44318,04
553,40	45040,98
553,59	44211,55
553,79	44649,81
553,99	44246,36
554,18	44531,03
554,38	44096,86
554,58	44815,70
554,78	44606,81
554,97	44954,96
555,17	45272,40
555,37	45256,01
555,56	44465,50
555,76	44768,60
555,96	44977,49
556,15	45067,60
556,35	45178,19
556,55	45667,66
556,74	45272,40
556,94	45473,10
557,14	44934,48
557,34	45188,43
557,53	44715,35
557,73	45313,36
557,93	45180,24
558,12	45276,49
558,32	45837,64
558,52	45948,23
558,71	46040,39
558,91	46124,35
559,11	45417,80
559,30	45792,58
559,50	45751,62
559,70	45608,26
559,89	45362,51
560,09	45555,02
560,29	45806,92
560,48	45624,65
560,68	46343,48
560,88	46048,58
561,07	46124,35
561,27	46196,03
561,46	46427,45
561,66	46294,33
561,86	46304,57
562,05	46245,18
562,25	45919,56
562,45	46361,92
562,64	46259,52
562,84	46585,15
563,04	46787,89
563,23	47084,85
563,43	47064,37
563,63	46806,33
563,82	46677,30
564,02	46650,68
564,21	47148,34
564,41	46824,76
564,61	46744,89
564,80	47500,59
565,00	47185,20
565,20	46918,96
565,39	47115,57
565,59	47242,54
565,78	47213,87
565,98	47146,29
566,18	46851,38
566,37	47590,70
566,57	47142,19
566,77	48033,06
566,96	47693,10
567,16	47699,24
567,35	47041,84
567,55	47406,38
567,75	48190,75
567,94	47721,77
568,14	47430,96
568,33	48033,06
568,53	48614,68
568,73	48332,06
568,92	47934,76
569,12	48432,41
569,31	48182,56
569,51	47967,52
569,71	48196,90
569,90	48039,20
570,10	48391,45
570,29	48241,95
570,49	48219,42
570,69	48610,59
570,88	48577,82
571,08	48676,12
571,27	48149,79
571,47	48921,88
571,66	48989,46
571,86	49005,84
572,06	48885,01
572,25	48999,70
572,45	48672,03
572,64	48411,93
572,84	48936,21
573,03	49151,25
573,23	49427,73
573,43	48577,82
573,62	49073,43
573,82	49138,96
574,01	49638,67
574,21	49843,46
574,40	49702,15
574,60	49767,69
574,79	50025,73
574,99	49898,76
575,19	50099,46
575,38	50277,63
575,58	49997,06
575,77	49970,44
575,97	50103,56
576,16	50072,84
576,36	50482,43
576,55	50078,98
576,75	50144,51
576,94	50253,06
577,14	50074,88
577,34	50326,78
577,53	50797,82
577,73	50093,32
577,92	50238,72
578,12	51088,63
578,31	50961,65
578,51	50789,62
578,70	50748,67
578,90	50832,63
579,09	51068,15
579,29	50867,45
579,48	51107,06
579,68	51064,05
579,87	51027,19
580,07	51025,14
580,26	51346,67
580,46	51094,77
580,65	51090,68
580,85	51053,81
581,04	51344,62
581,24	51449,07
581,43	51629,29
581,63	51178,74
581,82	51375,34
582,02	51672,30
582,21	52358,37
582,41	52354,27
582,60	51424,50
582,80	51797,23
582,99	51680,49
583,19	51743,98
583,38	52085,99
583,58	51416,30
583,77	52290,79
583,97	52323,55
584,16	51887,34
584,36	52210,92
584,55	52776,15
584,75	52579,55
584,94	51903,72
585,14	52145,38
585,33	52346,08
585,53	53050,58
585,72	52309,22
585,92	52634,84
586,11	53200,08
586,31	52495,58
586,50	53208,28
586,70	52464,86
586,89	52653,28
587,09	53116,12
587,28	52694,24
587,47	52929,75
587,67	52847,83
587,86	53007,58
588,06	53451,98
588,25	52800,73
588,45	53312,72
588,64	53275,86
588,84	53466,32
589,03	53693,64
589,23	53423,31
589,42	53468,37
589,61	53619,92
589,81	53372,11
590,00	53345,49
590,20	53902,54
590,39	53257,43
590,59	54019,27
590,78	53275,86
590,98	53632,21
591,17	54019,27
591,36	53435,60
591,56	53456,08
591,75	53927,11
591,95	54004,94
592,14	53765,32
592,34	53816,52
592,53	54324,42
592,72	54490,30
592,92	53796,04
593,11	53775,56
593,31	53830,86
593,50	53621,97
593,69	53742,80
593,89	53695,69
594,08	53468,37
594,28	54535,36
594,47	54217,92
594,67	54394,05
594,86	53816,52
595,05	54449,35
595,25	54242,50
595,44	54062,28
595,64	54604,99
595,83	54287,56
596,02	54348,99
596,22	54164,68
596,41	54258,88
596,61	54197,44
596,80	55184,57
596,99	54684,86
597,19	54373,57
597,38	54414,53
597,58	54482,11
597,77	54160,58
597,96	55168,18
598,16	55223,48
598,35	54250,69
598,54	55024,82
598,74	54561,98
598,93	54795,45
599,13	54371,52
599,32	54672,57
599,51	55301,30
599,71	54981,82
599,90	54633,66
600,09	54561,98
600,29	54717,63
600,48	55176,37
600,68	55151,80
600,87	55112,89
601,06	54797,50
601,26	54650,05
601,45	54903,99
601,64	54938,81
601,84	54758,59
602,03	54838,46
602,22	54977,72
602,42	55139,51
602,61	54748,35
602,80	54174,92
603,00	55477,43
603,19	55057,59
603,38	55966,89
603,58	54766,78
603,77	54811,84
603,96	55192,76
604,16	55069,88
604,35	55477,43
604,54	54469,82
604,74	55020,73
604,93	55561,39
605,12	55364,79
605,32	55454,90
605,51	55348,40
605,70	55436,47
605,90	54906,04
606,09	54701,25
606,28	55092,41
606,48	55139,51
606,67	54983,86
606,86	56167,59
607,06	54729,92
607,25	55911,59
607,44	55383,22
607,64	55526,58
607,83	54967,48
608,02	55483,57
608,22	55338,16
608,41	55456,95
608,60	54860,99
608,79	55182,52
608,99	54947,00
609,18	55229,62
609,37	55319,73
609,57	55233,72
609,76	55921,83
609,95	54922,43
610,15	55659,69
610,34	55905,45
610,53	54846,65
610,72	55354,55
610,92	55446,71
611,11	55688,37
611,30	55583,92
611,50	55858,35
611,69	55749,81
611,88	55567,54
612,07	56247,46
612,27	55995,56
612,46	55950,51
612,65	55616,69
612,84	55993,51
613,04	56001,71
613,23	56200,36
613,42	56134,82
613,62	55930,03
613,81	56360,10
614,00	55897,26
614,19	56229,03
614,39	56401,06
614,58	56937,63
614,77	56519,84
614,96	56954,01
615,16	56980,63
615,35	56552,61
615,54	56921,24
615,73	56829,08
615,93	56857,76
616,12	57609,36
616,31	56544,42
616,50	57347,22
616,70	57347,22
616,89	57703,57
617,08	58625,15
617,27	58156,17
617,47	58385,54
617,66	58369,16
617,85	58305,67
618,04	59032,70
618,23	58877,05
618,43	58668,16
618,62	58766,46
618,81	59319,41
619,00	59460,72
619,20	58594,43
619,39	58770,56
619,58	59776,11
619,77	59802,74
619,96	60140,65
620,16	59743,34
620,35	59878,51
620,54	59870,32
620,73	59649,14
620,93	60042,35
621,12	60263,53
621,31	60542,05
621,50	60886,11
621,69	61322,33
621,89	60476,52
622,08	61213,79
622,27	61324,38
622,46	60763,23
622,65	61307,99
622,85	61203,55
623,04	61426,77
623,23	61781,07
623,42	61348,95
623,61	62164,04
623,81	61398,10
624,00	62262,35
624,19	62164,04
624,38	62532,68
624,57	62385,22
624,76	61729,87
624,96	62006,35
625,15	61951,05
625,34	62874,69
625,53	62835,78
625,72	63142,97
625,91	62276,68
626,11	62717,00
626,30	62243,91
626,49	63054,91
626,68	62440,52
626,87	62440,52
627,06	61727,83
627,26	62551,11
627,45	62164,04
627,64	62475,33
627,83	62348,36
628,02	62348,36
628,21	62344,26
628,41	62499,91
628,60	61891,66
628,79	62061,64
628,98	62495,81
629,17	62149,71
629,36	61826,13
629,55	62430,28
629,75	62313,55
629,94	61795,41
630,13	61987,92
630,32	61181,02
630,51	61719,63
630,70	61127,77
630,89	62239,82
631,09	61031,52
631,28	61203,55
631,47	60976,22
631,66	61305,94
631,85	61254,75
632,04	61070,43
632,23	61729,87
632,42	61197,40
632,62	61631,57
632,81	61238,36
633,00	61899,86
633,19	60599,40
633,38	61652,05
633,57	61138,01
633,76	60959,84
633,95	60550,24
634,14	60951,65
634,34	60419,17
634,53	60935,26
634,72	60693,60
634,91	60824,67
635,10	60750,94
635,29	60615,78
635,48	60474,47
635,67	60058,73
635,86	60177,51
636,05	60664,93
636,24	60312,68
636,44	60214,38
636,63	60312,68
636,82	60294,25
637,01	60722,27
637,20	60953,69
637,39	60261,48
637,58	60114,03
637,77	60236,90
637,96	60222,57
638,15	59911,28
638,34	60146,79
638,53	59780,21
638,73	59776,11
638,92	60345,45
639,11	60236,90
639,30	60300,39
639,49	60003,44
639,68	60329,06
639,87	60292,20
640,06	60234,86
640,25	60613,73
640,44	59952,24
640,63	60320,87
640,82	60089,45
641,01	59706,48
641,20	59944,05
641,39	59817,07
641,58	60034,16
641,77	59923,57
641,96	59862,13
642,16	59341,94
642,35	59452,53
642,54	60181,61
642,73	60288,10
642,92	60562,53
643,11	60013,68
643,30	59905,13
643,49	59870,32
643,68	60214,38
643,87	59731,06
644,06	60058,73
644,25	59894,89
644,44	59935,85
644,63	60341,35
644,82	60286,06
645,01	59655,28
645,20	59747,44
645,39	60048,49
645,58	59606,13
645,77	59542,64
645,96	59747,44
646,15	58989,69
646,34	60451,94
646,53	60075,12
646,72	59487,35
646,91	60347,50
647,10	59303,03
647,29	60230,76
647,48	60296,30
647,67	60157,03
647,86	59790,45
648,05	60247,14
648,24	59450,48
648,43	59712,62
648,62	60255,34
648,81	59673,71
649,00	59997,29
649,19	60197,99
649,38	59681,91
649,57	60003,44
649,76	60202,09
649,95	59939,95
650,14	59669,62
650,33	59417,72
650,52	60253,29
650,71	59147,39
650,90	59944,05
651,09	59997,29
651,28	59804,78
651,47	59845,74
651,66	59763,82
651,85	59477,11
652,04	60017,77
652,23	59894,89
652,42	59466,87
652,61	59886,70
652,80	59157,63
652,99	59870,32
653,17	59528,31
653,36	60255,34
653,55	59681,91
653,74	59624,56
653,93	59458,68
654,12	59763,82
654,31	59464,82
654,50	59788,40
654,69	59960,43
654,88	59911,28
655,07	60413,03
655,26	59634,80
655,45	59927,66
655,64	60144,75
655,83	59665,52
656,02	59845,74
656,21	59387,00
656,39	59305,08
656,58	59604,08
656,77	60345,45
656,96	59919,47
657,15	59417,72
657,34	59403,38
657,53	59585,65
657,72	59141,24
657,91	59229,30
658,10	58825,85
658,29	59706,48
658,48	58911,87
658,67	59575,41
658,85	59638,90
659,04	59280,50
659,23	59411,57
659,42	59812,98
659,61	59657,33
659,80	59106,43
659,99	59327,61
660,18	59401,33
660,37	59917,42
660,56	59362,42
660,74	59720,82
660,93	59774,06
661,12	59812,98
661,31	59712,62
661,50	60003,44
661,69	59571,32
661,88	58965,12
662,07	59776,11
662,26	59387,00
662,44	59204,73
662,63	59501,68
662,82	59462,77
663,01	58965,12
663,20	59495,54
663,39	58891,39
663,58	58498,18
663,77	58416,26
663,95	58918,01
664,14	58576,00
664,33	58641,54
664,52	59157,63
664,71	58875,01
664,90	59131,00
665,09	58739,84
665,27	58434,69
665,46	58492,04
665,65	58883,20
665,84	58678,40
666,03	59106,43
666,22	58969,21
666,41	58868,86
666,59	58993,79
666,78	58303,62
666,97	58786,94
667,16	58543,23
667,35	58516,61
667,54	58451,08
667,72	58387,59
667,91	58846,33
668,10	58477,70
668,29	58748,03
668,48	57857,17
668,67	58674,30
668,85	58903,68
669,04	58590,34
669,23	58264,71
669,42	58655,87
669,61	59395,19
669,80	57658,51
669,98	58559,62
670,17	58444,93
670,36	58109,07
670,55	57873,55
670,74	58207,37
670,92	58297,48
671,11	57971,85
671,30	57904,27
671,49	58225,80
671,68	57967,76
671,86	58403,97
672,05	58422,40
672,24	58469,51
672,43	57801,87
672,62	58277,00
672,80	58604,67
672,99	58219,66
673,18	57556,11
673,37	57859,21
673,56	58072,20
673,74	58172,55
673,93	57785,49
674,12	57904,27
674,31	57961,61
674,50	58213,51
674,68	57574,55
674,87	57803,92
675,06	57916,56
675,25	57722,00
675,43	57490,58
675,62	57726,10
675,81	58125,45
676,00	57805,97
676,19	57533,59
676,37	57877,64
676,56	57617,55
676,75	57552,02
676,94	57934,99
677,12	57468,05
677,31	57044,12
677,50	57042,07
677,69	57466,00
677,87	57304,21
678,06	57564,31
678,25	57377,94
678,44	57431,19
678,62	57175,19
678,81	57480,34
679,00	57392,28
679,19	57363,60
679,37	57429,14
679,56	56990,87
679,75	57363,60
679,94	56878,24
680,12	57302,17
680,31	56718,49
680,50	57113,75
680,68	56747,17
680,87	57126,04
681,06	56738,97
681,25	56722,59
681,43	56683,68
681,62	56259,75
681,81	56732,83
682,00	55678,13
682,18	56485,03
682,37	55698,61
682,56	56489,12
682,74	56501,41
682,93	56196,26
683,12	55684,27
683,31	55678,13
683,49	55389,36
683,68	55614,64
683,87	55717,04
684,05	55626,93
684,24	55370,93
684,43	55405,75
684,61	55921,83
684,80	55159,99
684,99	55348,40
685,18	55733,42
685,36	55567,54
685,55	55755,95
685,74	55440,56
685,92	55671,98
686,11	55086,26
686,30	54842,56
686,48	55499,95
686,67	55884,97
686,86	55905,45
687,04	55557,30
687,23	55651,50
687,42	55643,31
687,60	55782,57
687,79	55823,53
687,98	55659,69
688,16	55106,74
688,35	55463,09
688,54	55403,70
688,72	56011,95
688,91	55463,09
689,10	55168,18
689,28	54994,10
689,47	55422,13
689,66	55602,35
689,84	55659,69
690,03	55549,10
690,22	55368,88
690,40	55176,37
690,59	55217,33
690,78	54930,62
690,96	54672,57
691,15	54652,09
691,34	54844,60
691,52	54353,09
691,71	54502,59
691,89	54496,45
692,08	54301,89
692,27	54711,49
692,45	55213,24
692,64	54891,71
692,83	54992,06
693,01	55467,19
693,20	55004,34
693,38	54660,29
693,57	54447,30
693,76	54056,14
693,94	54480,06
694,13	55061,69
694,32	54357,19
694,50	54764,73
694,69	53710,03
694,87	54041,80
695,06	54742,20
695,25	54142,15
695,43	54832,32
695,62	54838,46
695,80	54351,04
695,99	54369,47
696,18	54412,48
696,36	54146,25
696,55	53054,68
696,73	53941,45
696,92	54144,20
697,11	54099,14
697,29	53546,19
697,48	53685,45
697,66	53935,30
697,85	53890,25
698,04	53734,60
698,22	53974,22
698,41	54121,67
698,59	53611,73
698,78	54045,90
698,96	53834,95
699,15	53697,74
699,34	53953,74
699,52	53961,93
699,71	54000,84
699,89	53892,30
700,08	53718,22
700,26	53646,54
700,45	53570,77
700,64	53247,19
700,82	53525,71
701,01	53574,86
701,19	52919,51
701,38	52841,69
701,56	53036,25
701,75	53103,83
701,93	52921,56
702,12	53546,19
702,31	53828,81
702,49	53372,11
702,68	53390,55
702,86	53718,22
703,05	52823,26
703,23	52935,90
703,42	52915,42
703,60	52727,00
703,79	52563,17
703,97	52145,38
704,16	52667,61
704,34	52227,30
704,53	53363,92
704,72	52702,43
704,90	52706,52
705,09	52268,26
705,27	52665,56
705,46	52569,31
705,64	52538,59
705,83	52397,28
706,01	52538,59
706,20	52309,22
706,38	52643,04
706,57	52571,36
706,75	52997,34
706,94	52292,83
707,12	52792,54
707,31	52620,51
707,49	52735,20
707,68	52069,61
707,86	52389,09
708,05	52505,82
708,23	52528,35
708,42	52333,79
708,60	52548,83
708,79	52290,79
708,97	52063,46
709,16	52051,17
709,34	52182,24
709,53	52798,68
709,71	52669,66
709,90	52380,90
710,08	52362,46
710,27	51762,41
710,45	52600,03
710,64	51119,35
710,82	51453,17
711,00	52184,29
711,19	51578,09
711,37	51442,93
711,56	51743,98
711,74	52163,81
711,93	51748,07
712,11	51438,83
712,30	51584,24
712,48	51533,04
712,67	51574,00
712,85	52036,84
713,04	51553,52
713,22	51420,40
713,40	51502,32
713,59	52053,22
713,77	50650,36
713,96	50922,74
714,14	51608,81
714,33	50885,88
714,51	51203,31
714,70	51191,03
714,88	50836,73
715,06	51186,93
715,25	50691,32
715,43	50769,15
715,62	50982,13
715,80	51129,59
715,99	51113,20
716,17	50963,70
716,35	50865,40
716,54	50574,59
716,72	50724,09
716,91	50859,26
717,09	51203,31
717,28	51156,21
717,46	50889,98
717,64	50736,38
717,83	50849,02
718,01	50341,12
718,20	50554,11
718,38	50457,85
718,56	50007,30
718,75	50427,13
718,93	49956,10
719,12	50519,29
719,30	50582,78
719,48	50078,98
719,67	50896,12
719,85	50195,71
720,04	50097,41
720,22	50263,30
720,40	50746,62
720,59	49732,87
720,77	49710,35
720,96	50466,05
721,14	49491,21
721,32	50103,56
721,51	50113,80
721,69	49900,81
721,87	49495,31
722,06	50232,58
722,24	49202,45
722,43	49958,15
722,61	49083,67
722,79	49446,16
722,98	49339,66
723,16	50171,14
723,34	49581,32
723,53	49646,86
723,71	49253,65
723,90	49945,86
724,08	49425,68
724,26	49646,86
724,45	49399,05
724,63	49319,18
724,81	49579,28
725,00	49098,00
725,18	49519,88
725,36	49452,30
725,55	48868,63
725,73	49542,41
725,91	49691,91
726,10	49597,71
726,28	49028,37
726,46	49450,25
726,65	48049,44
726,83	48936,21
727,01	48811,29
727,20	48856,34
727,38	48856,34
727,56	48694,55
727,75	48413,98
727,93	49024,28
728,11	48139,55
728,30	48979,22
728,48	48778,52
728,66	48491,80
728,85	48164,13
729,03	47899,94
729,21	49151,25
729,40	49192,21
729,58	48626,97
729,76	48303,39
729,94	48155,94
730,13	48612,63
730,31	48655,64
730,49	48663,83
730,68	48991,51
730,86	48893,21
731,04	48407,84
731,23	48350,49
731,41	48244,00
731,59	48332,06
731,77	48153,89
731,96	48563,48
732,14	48018,72
732,32	47535,40
732,51	47320,37
732,69	47598,89
732,87	47949,09
733,05	48002,34
733,24	47830,31
733,42	48160,03
733,60	47443,24
733,79	47523,11
733,97	47854,89
734,15	48192,80
734,33	48024,87
734,52	47402,28
734,70	47285,55
734,88	47068,47
735,06	47332,65
735,25	47385,90
735,43	47162,67
735,61	46716,22
735,79	47090,99
735,98	47177,01
736,16	47414,57
736,34	47570,22
736,52	47090,99
736,71	46992,69
736,89	46011,71
737,07	46822,71
737,25	46214,46
737,44	46402,88
737,62	46718,26
737,80	46755,13
737,98	46579,00
738,17	46521,66
738,35	46638,39
738,53	46308,67
738,71	45923,65
738,89	45999,43
739,08	46157,12
739,26	46196,03
739,44	45821,25
739,62	45858,12
739,81	45696,33
739,99	45403,47
740,17	45403,47
740,35	45684,04
740,53	45874,50
740,72	45239,63
740,90	45299,02
741,08	45081,94
741,26	45198,67
741,44	45077,84
741,63	45311,31
741,81	45038,93
741,99	45167,95
742,17	44952,91
742,35	45389,13
742,54	45645,13
742,72	45280,59
742,90	45213,01
743,08	45288,78
743,26	44502,36
743,45	44858,71
743,63	44993,87
743,81	44701,01
743,99	44748,12
744,17	44526,94
744,35	44920,15
744,54	44266,84
744,72	44862,80
744,90	44117,34
745,08	44289,37
745,26	44547,42
745,44	44547,42
745,63	44096,86
745,81	44359,00
745,99	43689,32
746,17	43693,41
746,35	43234,67
746,53	43203,95
746,72	43664,74
746,90	43769,19
747,08	43623,78
747,26	43074,93
747,44	43326,83
747,62	42829,17
747,81	43046,26
747,99	42825,07
748,17	42624,37
748,35	42186,11
748,53	42661,24
748,71	42374,52
748,89	42487,16
749,07	42372,47
749,26	42472,82
749,44	41514,37
749,62	41944,45
749,80	42380,67
749,98	42696,05
750,16	41971,07
750,34	42036,61
750,52	42210,68
750,71	41784,71
750,89	41801,09
751,07	41844,10
751,25	42233,21
751,43	42112,38
751,61	42696,05
751,79	41792,90
751,97	41633,16
752,15	42036,61
752,34	42040,70
752,52	42042,75
752,70	41633,16
752,88	41817,47
753,06	41700,74
753,24	41817,47
753,42	42329,47
753,60	41985,41
753,78	41516,42
753,96	42249,60
754,15	42079,61
754,33	42540,41
754,51	42425,72
754,69	42587,51
754,87	42593,65
755,05	42503,54
755,23	43179,37
755,41	42345,85
755,59	43289,96
755,77	43281,77
755,95	43457,90
756,13	43285,87
756,31	43736,42
756,50	44062,05
756,68	43492,71
756,86	44295,52
757,04	44164,45
757,22	44567,90
757,40	44909,91
757,58	44860,76
757,76	44815,70
757,94	44795,22
758,12	44588,38
758,30	44995,92
758,48	45012,31
758,66	45208,91
758,84	45346,12
759,02	45663,56
759,20	45749,57
759,38	45665,61
759,56	46064,96
759,74	45729,09
759,92	46820,66
760,10	46470,46
760,28	46656,82
760,47	46767,41
760,65	46576,95
760,83	46673,21
761,01	47160,62
761,19	46789,94
761,37	47762,73
761,55	47289,65
761,73	47713,58
761,91	48153,89
762,09	47764,78
762,27	47637,80
762,45	47424,81
762,63	47541,55
762,81	47328,56
762,99	47662,38
763,17	48024,87
763,35	48811,29
763,53	48377,12
763,71	48360,73
763,89	48723,22
764,07	48303,39
764,25	48360,73
764,43	48569,63
764,61	48037,16
764,79	48315,68
764,97	48377,12
765,15	48954,64
765,33	48649,50
765,51	48295,20
765,69	48297,25
765,87	48483,61
766,05	47668,52
766,23	48284,96
766,41	48282,91
766,58	47617,32
766,76	47269,17
766,94	47625,51
767,12	47680,81
767,30	47279,41
767,48	47555,88
767,66	46990,64
767,84	47263,02
768,02	47527,21
768,20	47568,17
768,38	47064,37
768,56	46830,90
768,74	47168,82
768,92	47041,84
769,10	47009,07
769,28	46898,48
769,46	47009,07
769,64	46230,85
769,82	46576,95
770,00	46185,79
770,18	45792,58
770,36	46470,46
770,53	46669,11
770,71	45735,24
770,89	45999,43
771,07	45192,53
771,25	45223,25
771,43	44780,88
771,61	45182,29
771,79	45067,60
771,97	45100,37
772,15	45360,46
772,33	44121,44
772,51	44146,01
772,69	43318,64
772,86	43588,97
773,04	43867,49
773,22	43539,82
773,40	44143,97
773,58	43042,16
773,76	43257,20
773,94	42739,06
774,12	43230,57
774,30	43142,51
774,48	42335,61
774,65	41952,64
774,83	42487,16
775,01	42751,35
775,19	42231,16
775,37	42454,39
775,55	42163,58
775,73	41469,32
775,91	41389,45
776,09	41250,19
776,26	41397,64
776,44	40951,18
776,62	41262,47
776,80	40547,73
776,98	40326,55
777,16	39982,49
777,34	40447,38
777,52	40713,62
777,69	39599,52
777,87	40115,61
778,05	39482,79
778,23	39325,10
778,41	39716,26
778,59	40066,46
778,77	39261,61
778,94	39347,62
779,12	39620,00
779,30	38876,59
779,48	38618,55
779,66	38280,63
779,84	38135,23
780,02	38370,74
780,19	38454,71
780,37	37703,10
780,55	37746,11
780,73	37555,65
780,91	37344,71
781,09	37496,26
781,26	37365,19
781,44	37643,71
781,62	37113,29
781,80	37019,08
781,98	37017,04
782,16	36670,93
782,33	36505,04
782,51	36910,54
782,69	36224,47
782,87	36163,03
783,05	35825,12
783,22	36089,31
783,40	35485,15
783,58	35544,55
783,76	35579,36
783,94	35429,86
784,12	35657,18
784,29	35229,16
784,47	35108,33
784,65	34930,16
784,83	35180,01
785,01	34813,42
785,18	35026,41
785,36	34467,31
785,54	34903,53
785,72	34450,93
785,89	34524,66
786,07	34389,49
786,25	34205,17
786,43	34432,50
786,61	33975,80
786,78	33873,40
786,96	33926,65
787,14	34006,52
787,32	33740,29
787,49	33955,32
787,67	33498,62
787,85	33142,28
788,03	33062,41
788,21	33048,07
788,38	32994,82
788,56	32663,05
788,74	32183,83
788,92	32611,85
789,09	32538,13
789,27	32421,39
789,45	32464,40
789,63	32355,86
789,80	32339,47
789,98	31993,37
790,16	32171,54
790,34	31548,96
790,51	31421,98
790,69	31405,60
790,87	31585,82
791,05	30721,58
791,22	31252,00
791,40	30912,04
791,58	30750,25
791,76	30791,21
791,93	30922,28
792,11	30780,97
792,29	30961,19
792,46	30426,67
792,64	30361,14
792,82	30348,85
793,00	30248,50
793,17	29967,93
793,35	30463,54
793,53	30518,83
793,70	30252,59
793,88	30080,56
794,06	30082,61
794,24	30271,03
794,41	29271,62
794,59	29494,85
794,77	29898,30
794,94	29380,16
795,12	29580,86
795,30	29169,22
795,47	28943,94
795,65	28902,98
795,83	28929,61
796,01	28950,09
796,18	29021,77
796,36	28784,20
796,54	28886,60
796,71	28735,05
796,89	29005,38
797,07	28606,03
797,24	28472,91
797,42	27911,77
797,60	27993,68
797,77	27922,01
797,95	27956,82
798,13	27811,42
798,30	27623,00
798,48	27582,04
798,66	27639,39
798,83	27666,01
799,01	27287,14
799,19	27663,96
799,36	27645,53
799,54	27713,11
799,72	27258,46
799,89	27252,32
800,07	27254,37
800,25	26621,55
800,42	26916,45
800,60	26506,86
800,78	26846,82
800,95	26441,32
801,13	26832,49
801,30	26619,50
801,48	26203,76
801,66	26553,96
801,83	26320,49
802,01	26179,18
802,19	26138,23
802,36	25990,77
802,54	25908,85
802,72	25988,72
802,89	25747,06
803,07	25962,10
803,24	25644,66
803,42	25396,86
803,60	25425,53
803,77	25280,13
803,95	25497,21
804,12	25220,74
804,30	24843,91
804,48	25009,79
804,65	24852,10
804,83	25198,21
805,01	25425,53
805,18	24901,25
805,36	24936,07
805,53	24848,00
805,71	24925,83
805,88	24579,72
806,06	24696,46
806,24	24217,23
806,41	24387,21
806,59	24301,20
806,76	24077,97
806,94	24030,87
807,12	24096,40
807,29	24272,53
807,47	24065,68
807,64	24229,52
807,82	24352,40
807,99	23842,45
808,17	24178,32
808,35	24319,63
808,52	23973,52
808,70	24045,20
808,87	23664,28
809,05	23496,35
809,22	23316,12
809,40	23455,39
809,58	23271,07
809,75	23168,67
809,93	23357,08
810,10	23500,44
810,28	23379,61
810,45	23410,33
810,63	22814,37
810,80	22996,64
810,98	23099,04
811,15	22660,77
811,33	22787,75
811,51	22582,95
811,68	22447,79
811,86	22503,08
812,03	22832,80
812,21	22771,36
812,38	22662,82
812,56	22415,02
812,73	22316,72
812,91	22556,33
813,08	22412,97
813,26	22191,79
813,43	22374,06
813,61	22222,51
813,78	22380,20
813,96	22214,32
814,13	22044,34
814,31	21741,24
814,48	22308,52
814,66	21718,71
814,83	21761,72
815,01	21698,23
815,18	21804,72
815,36	21755,57
815,53	21640,89
815,71	21667,51
815,88	21520,06
816,06	21290,68
816,23	21231,29
816,41	21294,78
816,58	21028,54
816,76	21157,57
816,93	20987,58
817,11	20801,22
817,28	21393,08
817,46	21196,48
817,63	21182,14
817,81	21059,26
817,98	20793,03
818,16	20717,25
818,33	20739,78
818,51	20342,47
818,68	20569,80
818,86	20756,16
819,03	20750,02
819,21	20596,42
819,38	20647,62
819,55	20068,05
819,73	20786,88
819,90	20315,85
820,08	20696,77
820,25	20784,83
820,43	20059,85
820,60	20197,07
820,78	19908,30
820,95	19791,57
821,12	19527,38
821,30	19957,46
821,47	19949,26
821,65	19609,30
821,82	19781,33
822,00	19404,50
822,17	19674,84
822,35	19211,99
822,52	19295,96
822,69	19250,91
822,87	19400,41
823,04	19371,74
823,22	19365,59
823,39	19042,01
823,56	19189,47
823,74	18872,03
823,91	19351,26
824,09	18882,27
824,26	19216,09
824,44	18702,05
824,61	19101,40
824,78	19140,32
824,96	18790,11
825,13	18949,85
825,31	18704,10
825,48	18773,73
825,65	18986,72
825,83	18743,01
826,00	18702,05
826,18	18317,03
826,35	18515,69
826,52	18290,41
826,70	18155,24
826,87	18321,13
827,04	18120,43
827,22	17954,54
827,39	18331,37
827,57	18237,16
827,74	18044,65
827,91	17786,61
828,09	18020,08
828,26	17964,78
828,43	17962,73
828,61	17823,47
828,78	17708,79
828,96	17889,01
829,13	17852,14
829,30	17610,48
829,48	17921,77
829,65	17651,44
829,82	17452,79
830,00	17549,04
830,17	17159,93
830,34	17266,42
830,52	17282,81
830,69	17334,01
830,86	17137,40
831,04	17094,40
831,21	17141,50
831,38	17170,17
831,56	17127,16
831,73	17000,19
831,90	16932,61
832,08	17014,52
832,25	17221,37
832,42	17184,51
832,60	17288,95
832,77	16959,23
832,94	16967,42
833,12	16750,34
833,29	16471,81
833,46	16697,09
833,64	16586,50
833,81	16631,55
833,98	16398,09
834,16	16269,06
834,33	16654,08
834,50	16250,63
834,67	16346,89
834,85	16361,22
835,02	16240,39
835,19	16054,03
835,37	16058,12
835,54	16291,59
835,71	16119,56
835,89	16068,36
836,06	16232,20
836,23	15900,43
836,40	15941,39
836,58	16109,32
836,75	15984,40
836,92	16152,33
837,10	15884,05
837,27	15965,96
837,44	15767,31
837,61	16025,36
837,79	15882,00
837,96	15746,83
838,13	15808,27
838,30	15525,65
838,48	15544,08
838,65	15587,09
838,82	15644,43
838,99	15867,66
839,17	15466,26
839,34	15435,54
839,51	15634,19
839,69	15128,35
839,86	15357,72
840,03	15134,49
840,20	15130,39
840,37	15183,64
840,55	14868,25
840,72	14837,53
840,89	14980,89
841,06	15001,37
841,24	14778,14
841,41	14858,01
841,58	14878,49
841,75	14964,51
841,93	14888,73
842,10	14696,22
842,27	15030,04
842,44	14550,82
842,62	14653,22
842,79	14767,90
842,96	14489,38
843,13	14538,53
843,30	14429,99
843,48	14227,24
843,65	14411,56
843,82	14321,45
843,99	14120,74
844,16	14497,57
844,34	14253,86
844,51	14335,78
844,68	14169,90
844,85	14026,54
845,02	13795,12
845,20	14255,91
845,37	14237,48
845,54	14092,07
845,71	13891,37
845,88	14049,07
846,06	13893,42
846,23	13829,93
846,40	13991,72
846,57	13535,03
846,74	13868,84
846,91	13600,56
847,09	13901,61
847,26	13612,85
847,43	13502,26
847,60	13469,49
847,77	13350,71
847,94	13532,98
848,12	13629,23
848,29	13678,38
848,46	13416,24
848,63	13363,00
848,80	13463,35
848,97	13350,71
849,15	13434,68
849,32	13043,51
849,49	13156,15
849,66	13023,03
849,83	13276,98
850,00	12883,77
850,17	13072,18
850,35	13014,84
850,52	13066,04
850,69	12883,77
850,86	12846,91
851,03	12777,28
851,20	12834,62
851,37	12621,63
851,55	12816,19
851,72	12863,29
851,89	12502,85
852,06	12361,54
852,23	12851,00
852,40	12416,83
852,57	12771,13
852,74	12289,86
852,92	12343,11
853,09	12238,66
853,26	12427,07
853,43	12367,68
853,60	12318,53
853,77	12377,92
853,94	12527,42
854,11	12257,09
854,28	12597,06
854,45	12343,11
854,63	12207,94
854,80	11867,98
854,97	11886,41
855,14	11943,75
855,31	11982,67
855,48	11837,26
855,65	11847,50
855,82	11769,68
855,99	11818,83
856,16	11859,79
856,33	11528,02
856,50	11646,80
856,68	11507,54
856,85	11708,24
857,02	11423,57
857,19	11478,86
857,36	11343,70
857,53	11564,88
857,70	11556,69
857,87	11728,72
858,04	11575,12
858,21	11474,77
858,38	11360,08
858,55	11470,67
858,72	11401,04
858,89	11345,75
859,06	11147,09
859,23	11452,24
859,40	11194,20
859,58	10827,61
859,75	10809,18
859,92	11024,22
860,09	11056,98
860,26	11081,56
860,43	11132,76
860,60	11130,71
860,77	10803,04
860,94	10954,58
861,11	10901,34
861,28	11124,57
861,45	11159,38
861,62	10958,68
861,79	10884,95
861,96	10803,04
862,13	10717,02
862,30	10704,73
862,47	10696,54
862,64	10913,63
862,81	10635,10
862,98	10559,33
863,15	10706,78
863,32	10477,41
863,49	10458,98
863,66	10379,11
863,83	10368,87
864,00	10090,34
864,17	10385,25
864,34	10352,48
864,51	10426,21
864,68	10346,34
864,85	10209,12
865,02	10241,89
865,19	10157,92
865,36	10041,19
865,53	10082,15
865,70	10147,69
865,87	10196,84
866,04	10174,31
866,21	10098,53
866,38	9928,55
866,55	9912,17
866,72	10028,90
866,89	10059,62
867,06	10024,81
867,23	9918,31
867,40	9863,02
867,57	9824,11
867,73	9652,08
867,90	9602,93
868,07	9654,12
868,24	9488,24
868,41	9500,53
868,58	9514,86
868,75	9420,66
868,92	9639,79
869,09	9488,24
869,26	9570,16
869,43	9439,09
869,60	9066,36
869,77	9238,39
869,94	9101,17
870,11	9256,82
870,28	9148,28
870,45	9123,70
870,61	8869,75
870,78	8820,60
870,95	9254,77
871,12	9099,13
871,29	9109,36
871,46	9164,66
871,63	9107,32
871,80	9025,40
871,97	8935,29
872,14	8861,56
872,31	8955,77
872,47	8669,05
872,64	8863,61
872,81	8771,45
872,98	8681,34
873,15	8607,61
873,32	8771,45
873,49	8652,67
873,66	8624,00
873,83	8421,25
874,00	8519,55
874,16	8560,51
874,33	8421,25
874,50	8460,16
874,67	8451,97
874,84	8296,32
875,01	8361,86
875,18	8329,09
875,35	8263,55
875,51	8271,75
875,68	8312,71
875,85	8329,09
876,02	8224,64
876,19	8189,83
876,36	8320,90
876,53	8204,16
876,69	8079,24
876,86	8124,29
877,03	8249,22
877,20	8159,11
877,37	7993,22
877,54	7944,07
877,71	8109,96
877,87	7851,91
878,04	7817,10
878,21	7872,39
878,38	7749,51
878,55	7948,17
878,72	7911,30
878,88	7862,15
879,05	7798,66
879,22	7784,33
879,39	7808,90
879,56	7452,56
879,73	7649,16
879,89	7489,42
880,06	7780,23
880,23	7415,69
880,40	7501,71
880,57	7661,45
880,74	7528,33
880,90	7522,19
881,07	7413,65
881,24	7528,33
881,41	7440,27
881,58	7411,60
881,74	7415,69
881,91	7460,75
882,08	7382,93
882,25	7432,08
882,42	7251,86
882,58	7366,54
882,75	7239,57
882,92	7280,53
883,09	7214,99
883,26	7108,50
883,42	7339,92
883,59	7364,50
883,76	7047,06
883,93	7190,42
884,09	6995,86
884,26	7178,13
884,43	7085,97
884,60	7260,05
884,77	6889,37
884,93	7018,39
885,10	6993,81
885,27	7018,39
885,44	6795,16
885,60	6971,29
885,77	6862,74
885,94	6825,88
886,11	6879,13
886,27	6905,75
886,44	6846,36
886,61	6653,85
886,78	6807,45
886,94	6858,65
887,11	6649,75
887,28	6799,26
887,45	6641,56
887,61	6584,22
887,78	6569,88
887,95	6668,19
888,12	6592,41
888,28	6496,16
888,45	6477,73
888,62	6485,92
888,78	6543,26
888,95	6545,31
889,12	6408,09
889,29	6303,65
889,45	6391,71
889,62	6494,11
889,79	6428,57
889,95	6559,64
890,12	6371,23
890,29	6264,74
890,46	6141,86
890,62	6199,20
