178,13	1325,04
178,35	1325,04
178,57	1325,04
178,78	1308,65
179,00	1284,08
179,22	1441,77
179,44	1472,49
179,66	1349,61
179,87	1513,45
180,09	1484,78
180,31	1513,45
180,53	1415,15
180,75	1492,97
180,96	1406,95
181,18	1464,30
181,40	1345,52
181,62	1376,24
181,84	1482,73
182,05	1472,49
182,27	1468,39
182,49	1515,50
182,71	1409,00
182,92	1501,16
183,14	1499,11
183,36	1482,73
183,58	1462,25
183,80	1611,75
184,01	1456,11
184,23	1540,07
184,45	1550,31
184,67	1546,22
184,89	1464,30
185,10	1538,02
185,32	1521,64
185,54	1462,25
185,76	1562,60
185,97	1488,87
186,19	1466,35
186,41	1452,01
186,63	1452,01
186,84	1505,26
187,06	1501,16
187,28	1665,00
187,50	1398,76
187,72	1572,84
187,93	1531,88
188,15	1423,34
188,37	1443,82
188,59	1406,95
188,80	1525,74
189,02	1497,07
189,24	1425,39
189,46	1482,73
189,67	1570,79
189,89	1488,87
190,11	1427,43
190,33	1556,46
190,54	1523,69
190,76	1447,91
190,98	1402,86
191,20	1523,69
191,41	1472,49
191,63	1548,26
191,85	1439,72
192,07	1490,92
192,28	1466,35
192,50	1505,26
192,72	1521,64
192,94	1591,27
193,15	1472,49
193,37	1626,09
193,59	1611,75
193,81	1531,88
194,02	1472,49
194,24	1447,91
194,46	1447,91
194,67	1587,18
194,89	1443,82
195,11	1538,02
195,33	1583,08
195,54	1540,07
195,76	1468,39
195,98	1497,07
196,20	1587,18
196,41	1546,22
196,63	1542,12
196,85	1515,50
197,06	1425,39
197,28	1515,50
197,50	1411,05
197,72	1464,30
197,93	1423,34
198,15	1521,64
198,37	1468,39
198,58	1382,38
198,80	1497,07
199,02	1472,49
199,24	1523,69
199,45	1472,49
199,67	1382,38
199,89	1456,11
200,10	1525,74
200,32	1384,43
200,54	1411,05
200,76	1505,26
200,97	1490,92
201,19	1435,63
201,41	1497,07
201,62	1488,87
201,84	1529,83
202,06	1507,30
202,28	1562,60
202,49	1515,50
202,71	1570,79
202,93	1548,26
203,14	1490,92
203,36	1488,87
203,58	1384,43
203,79	1456,11
204,01	1509,35
204,23	1521,64
204,44	1501,16
204,66	1439,72
204,88	1570,79
205,10	1458,15
205,31	1525,74
205,53	1429,48
205,75	1531,88
205,96	1513,45
206,18	1513,45
206,40	1449,96
206,61	1417,19
206,83	1425,39
207,05	1366,00
207,26	1490,92
207,48	1505,26
207,70	1472,49
207,91	1507,30
208,13	1482,73
208,35	1468,39
208,56	1394,67
208,78	1497,07
209,00	1464,30
209,21	1497,07
209,43	1464,30
209,65	1566,70
209,86	1507,30
210,08	1525,74
210,30	1521,64
210,51	1507,30
210,73	1492,97
210,95	1525,74
211,16	1523,69
211,38	1423,34
211,60	1390,57
211,81	1480,68
212,03	1540,07
212,25	1542,12
212,46	1562,60
212,68	1538,02
212,90	1447,91
213,11	1478,63
213,33	1531,88
213,55	1591,27
213,76	1472,49
213,98	1415,15
214,20	1505,26
214,41	1478,63
214,63	1521,64
214,84	1564,65
215,06	1488,87
215,28	1484,78
215,49	1558,50
215,71	1484,78
215,93	1603,56
216,14	1484,78
216,36	1531,88
216,58	1439,72
216,79	1456,11
217,01	1513,45
217,22	1386,47
217,44	1595,37
217,66	1538,02
217,87	1464,30
218,09	1435,63
218,31	1505,26
218,52	1480,68
218,74	1472,49
218,95	1513,45
219,17	1443,82
219,39	1406,95
219,60	1556,46
219,82	1480,68
220,04	1513,45
220,25	1554,41
220,47	1531,88
220,68	1529,83
220,90	1423,34
221,12	1505,26
221,33	1433,58
221,55	1484,78
221,77	1505,26
221,98	1538,02
222,20	1437,67
222,41	1507,30
222,63	1550,31
222,85	1480,68
223,06	1523,69
223,28	1472,49
223,49	1431,53
223,71	1513,45
223,93	1529,83
224,14	1505,26
224,36	1550,31
224,57	1523,69
224,79	1531,88
225,01	1492,97
225,22	1574,89
225,44	1423,34
225,65	1488,87
225,87	1595,37
226,09	1546,22
226,30	1578,98
226,52	1458,15
226,73	1447,91
226,95	1564,65
227,17	1546,22
227,38	1488,87
227,60	1578,98
227,81	1456,11
228,03	1433,58
228,24	1589,22
228,46	1468,39
228,68	1464,30
228,89	1482,73
229,11	1472,49
229,32	1581,03
229,54	1497,07
229,75	1523,69
229,97	1449,96
230,19	1439,72
230,40	1435,63
230,62	1456,11
230,83	1515,50
231,05	1531,88
231,26	1447,91
231,48	1497,07
231,70	1509,35
231,91	1427,43
232,13	1562,60
232,34	1566,70
232,56	1488,87
232,77	1488,87
232,99	1497,07
233,21	1761,25
233,42	1480,68
233,64	1554,41
233,85	1443,82
234,07	1468,39
234,28	1529,83
234,50	1513,45
234,71	1574,89
234,93	1548,26
235,15	1382,38
235,36	1398,76
235,58	1437,67
235,79	1447,91
236,01	1464,30
236,22	1521,64
236,44	1624,04
236,65	1456,11
236,87	1574,89
237,08	1497,07
237,30	1488,87
237,52	1556,46
237,73	1472,49
237,95	1439,72
238,16	1384,43
238,38	1572,84
238,59	1488,87
238,81	1538,02
239,02	1523,69
239,24	1538,02
239,45	1505,26
239,67	1583,08
239,88	1400,81
240,10	1581,03
240,31	1439,72
240,53	1497,07
240,74	1505,26
240,96	1589,22
241,18	1523,69
241,39	1488,87
241,61	1497,07
241,82	1415,15
242,04	1456,11
242,25	1513,45
242,47	1460,20
242,68	1515,50
242,90	1497,07
243,11	1488,87
243,33	1587,18
243,54	1662,95
243,76	1415,15
243,97	1603,56
244,19	1480,68
244,40	1521,64
244,62	1472,49
244,83	1464,30
245,05	1472,49
245,26	1456,11
245,48	1492,97
245,69	1562,60
245,91	1449,96
246,12	1476,59
246,34	1515,50
246,55	1529,83
246,77	1458,15
246,98	1517,54
247,20	1472,49
247,41	1482,73
247,63	1472,49
247,84	1488,87
248,06	1613,80
248,27	1439,72
248,49	1474,54
248,70	1488,87
248,92	1497,07
249,13	1398,76
249,35	1482,73
249,56	1464,30
249,78	1398,76
249,99	1474,54
250,21	1538,02
250,42	1513,45
250,64	1417,19
250,85	1542,12
251,06	1566,70
251,28	1452,01
251,49	1456,11
251,71	1554,41
251,92	1439,72
252,14	1531,88
252,35	1423,34
252,57	1531,88
252,78	1554,41
253,00	1490,92
253,21	1488,87
253,43	1499,11
253,64	1572,84
253,86	1435,63
254,07	1421,29
254,28	1484,78
254,50	1595,37
254,71	1482,73
254,93	1409,00
255,14	1474,54
255,36	1507,30
255,57	1464,30
255,79	1499,11
256,00	1474,54
256,22	1458,15
256,43	1538,02
256,64	1538,02
256,86	1513,45
257,07	1474,54
257,29	1480,68
257,50	1398,76
257,72	1529,83
257,93	1406,95
258,15	1505,26
258,36	1370,09
258,57	1464,30
258,79	1554,41
259,00	1497,07
259,22	1433,58
259,43	1472,49
259,65	1513,45
259,86	1460,20
260,08	1384,43
260,29	1601,51
260,50	1497,07
260,72	1794,02
260,93	1398,76
261,15	1515,50
261,36	1505,26
261,58	1488,87
261,79	1472,49
262,00	1554,41
262,22	1611,75
262,43	1456,11
262,65	1443,82
262,86	1517,54
263,07	1472,49
263,29	1611,75
263,50	1505,26
263,72	1527,78
263,93	1468,39
264,15	1499,11
264,36	1466,35
264,57	1400,81
264,79	1617,90
265,00	1505,26
265,22	1484,78
265,43	1554,41
265,64	1460,20
265,86	1423,34
266,07	1443,82
266,29	1417,19
266,50	1472,49
266,71	1546,22
266,93	1507,30
267,14	1558,50
267,36	1619,94
267,57	1550,31
267,78	1423,34
268,00	1517,54
268,21	1497,07
268,43	1505,26
268,64	1488,87
268,85	1390,57
269,07	1513,45
269,28	1605,61
269,50	1400,81
269,71	1480,68
269,92	1499,11
270,14	1558,50
270,35	1400,81
270,56	1525,74
270,78	1468,39
270,99	1464,30
271,21	1515,50
271,42	1427,43
271,63	1525,74
271,85	1517,54
272,06	1480,68
272,27	1433,58
272,49	1488,87
272,70	1447,91
272,92	1490,92
273,13	1497,07
273,34	1509,35
273,56	1427,43
273,77	1521,64
273,98	1497,07
274,20	1538,02
274,41	1472,49
274,63	1538,02
274,84	1431,53
275,05	1521,64
275,27	1497,07
275,48	1562,60
275,69	1470,44
275,91	1456,11
276,12	1523,69
276,33	1540,07
276,55	1488,87
276,76	1497,07
276,97	1595,37
277,19	1482,73
277,40	1482,73
277,61	1529,83
277,83	1497,07
278,04	1415,15
278,26	1562,60
278,47	1497,07
278,68	1591,27
278,90	1554,41
279,11	1464,30
279,32	1644,52
279,54	1546,22
279,75	1550,31
279,96	1529,83
280,18	1503,21
280,39	1644,52
280,60	1505,26
280,82	1558,50
281,03	1476,59
281,24	1638,38
281,46	1497,07
281,67	1423,34
281,88	1513,45
282,10	1460,20
282,31	1466,35
282,52	1578,98
282,74	1439,72
282,95	1521,64
283,16	1548,26
283,37	1513,45
283,59	1492,97
283,80	1490,92
284,01	1654,76
284,23	1406,95
284,44	1515,50
284,65	1587,18
284,87	1433,58
285,08	1572,84
285,29	1562,60
285,51	1556,46
285,72	1497,07
285,93	1589,22
286,15	1595,37
286,36	1460,20
286,57	1503,21
286,78	1464,30
287,00	1488,87
287,21	1456,11
287,42	1509,35
287,64	1449,96
287,85	1599,46
288,06	1562,60
288,28	1529,83
288,49	1480,68
288,70	1488,87
288,91	1497,07
289,13	1587,18
289,34	1554,41
289,55	1488,87
289,77	1488,87
289,98	1546,22
290,19	1570,79
290,40	1458,15
290,62	1513,45
290,83	1409,00
291,04	1523,69
291,26	1396,71
291,47	1447,91
291,68	1570,79
291,89	1497,07
292,11	1583,08
292,32	1505,26
292,53	1558,50
292,74	1458,15
292,96	1472,49
293,17	1488,87
293,38	1587,18
293,60	1456,11
293,81	1497,07
294,02	1441,77
294,23	1458,15
294,45	1562,60
294,66	1497,07
294,87	1505,26
295,08	1447,91
295,30	1538,02
295,51	1466,35
295,72	1556,46
295,93	1497,07
296,15	1636,33
296,36	1546,22
296,57	1605,61
296,78	1515,50
297,00	1458,15
297,21	1466,35
297,42	1595,37
297,63	1538,02
297,85	1538,02
298,06	1476,59
298,27	1535,98
298,48	1546,22
298,70	1538,02
298,91	1562,60
299,12	1525,74
299,33	1533,93
299,55	1449,96
299,76	1472,49
299,97	1521,64
300,18	1482,73
300,40	1472,49
300,61	1460,20
300,82	1503,21
301,03	1531,88
301,24	1447,91
301,46	1490,92
301,67	1499,11
301,88	1439,72
302,09	1529,83
302,31	1452,01
302,52	1431,53
302,73	1578,98
302,94	1480,68
303,15	1441,77
303,37	1421,29
303,58	1490,92
303,79	1605,61
304,00	1538,02
304,22	1480,68
304,43	1566,70
304,64	1441,77
304,85	1505,26
305,06	1476,59
305,28	1472,49
305,49	1603,56
305,70	1611,75
305,91	1441,77
306,12	1636,33
306,34	1431,53
306,55	1531,88
306,76	1521,64
306,97	1587,18
307,18	1441,77
307,40	1505,26
307,61	1472,49
307,82	1554,41
308,03	1497,07
308,24	1521,64
308,46	1507,30
308,67	1484,78
308,88	1562,60
309,09	1578,98
309,30	1533,93
309,52	1476,59
309,73	1570,79
309,94	1398,76
310,15	1433,58
310,36	1497,07
310,57	1515,50
310,79	1525,74
311,00	1474,54
311,21	1425,39
311,42	1464,30
311,63	1554,41
311,85	1464,30
312,06	1480,68
312,27	1482,73
312,48	1523,69
312,69	1423,34
312,90	1570,79
313,12	1458,15
313,33	1558,50
313,54	1660,90
313,75	1363,95
313,96	1497,07
314,17	1546,22
314,39	1488,87
314,60	1472,49
314,81	1562,60
315,02	1382,38
315,23	1439,72
315,44	1513,45
315,65	1554,41
315,87	1513,45
316,08	1529,83
316,29	1492,97
316,50	1472,49
316,71	1529,83
316,92	1433,58
317,14	1423,34
317,35	1484,78
317,56	1542,12
317,77	1546,22
317,98	1488,87
318,19	1480,68
318,40	1562,60
318,62	1578,98
318,83	1542,12
319,04	1566,70
319,25	1490,92
319,46	1554,41
319,67	1409,00
319,88	1480,68
320,09	1476,59
320,31	1499,11
320,52	1484,78
320,73	1562,60
320,94	1378,28
321,15	1480,68
321,36	1556,46
321,57	1472,49
321,78	1523,69
322,00	1531,88
322,21	1488,87
322,42	1439,72
322,63	1533,93
322,84	1452,01
323,05	1538,02
323,26	1488,87
323,47	1509,35
323,69	1583,08
323,90	1472,49
324,11	1513,45
324,32	1554,41
324,53	1482,73
324,74	1439,72
324,95	1513,45
325,16	1538,02
325,37	1540,07
325,59	1439,72
325,80	1529,83
326,01	1382,38
326,22	1583,08
326,43	1392,62
326,64	1531,88
326,85	1552,36
327,06	1439,72
327,27	1476,59
327,48	1564,65
327,69	1632,23
327,91	1449,96
328,12	1454,06
328,33	1476,59
328,54	1490,92
328,75	1566,70
328,96	1538,02
329,17	1581,03
329,38	1619,94
329,59	1490,92
329,80	1923,04
330,01	1568,74
330,23	1558,50
330,44	1505,26
330,65	1452,01
330,86	1529,83
331,07	1441,77
331,28	1550,31
331,49	1443,82
331,70	1509,35
331,91	1449,96
332,12	1452,01
332,33	1497,07
332,54	1564,65
332,75	1556,46
332,96	1472,49
333,17	1480,68
333,39	1564,65
333,60	1515,50
333,81	1554,41
334,02	1415,15
334,23	1470,44
334,44	1501,16
334,65	1488,87
334,86	1480,68
335,07	1480,68
335,28	1497,07
335,49	1587,18
335,70	1466,35
335,91	1425,39
336,12	1505,26
336,33	1513,45
336,54	1505,26
336,75	1476,59
336,96	1492,97
337,17	1472,49
337,39	1411,05
337,60	1542,12
337,81	1611,75
338,02	1521,64
338,23	1550,31
338,44	1431,53
338,65	1505,26
338,86	1538,02
339,07	1562,60
339,28	1570,79
339,49	1587,18
339,70	1497,07
339,91	1509,35
340,12	1521,64
340,33	1431,53
340,54	1564,65
340,75	1456,11
340,96	1439,72
341,17	1531,88
341,38	1533,93
341,59	1513,45
341,80	1554,41
342,01	1392,62
342,22	1456,11
342,43	1468,39
342,64	1605,61
342,85	1439,72
343,06	1542,12
343,27	1456,11
343,48	1529,83
343,69	1505,26
343,90	1431,53
344,11	1538,02
344,32	1521,64
344,53	1513,45
344,74	1490,92
344,95	1488,87
345,16	1513,45
345,37	1488,87
345,58	1458,15
345,79	1472,49
346,00	1505,26
346,21	1409,00
346,42	1513,45
346,63	1447,91
346,84	1505,26
347,05	1488,87
347,26	1482,73
347,47	1488,87
347,68	1507,30
347,89	1443,82
348,10	1447,91
348,31	1480,68
348,52	1505,26
348,73	1525,74
348,94	1509,35
349,15	1540,07
349,36	1464,30
349,57	1435,63
349,78	1521,64
349,99	1468,39
350,20	1523,69
350,41	1497,07
350,62	1406,95
350,83	1513,45
351,04	1488,87
351,25	1488,87
351,46	1480,68
351,67	1452,01
351,88	1466,35
352,09	1490,92
352,30	1482,73
352,50	1464,30
352,71	1554,41
352,92	1443,82
353,13	1572,84
353,34	1351,66
353,55	1505,26
353,76	1421,29
353,97	1603,56
354,18	1533,93
354,39	1488,87
354,60	1578,98
354,81	1507,30
355,02	1488,87
355,23	1578,98
355,44	1447,91
355,65	1464,30
355,86	1482,73
356,07	1517,54
356,28	1574,89
356,48	1423,34
356,69	1456,11
356,90	1497,07
357,11	1497,07
357,32	1578,98
357,53	1456,11
357,74	1574,89
357,95	1529,83
358,16	1513,45
358,37	1507,30
358,58	1497,07
358,79	1474,54
359,00	1507,30
359,21	1464,30
359,41	1572,84
359,62	1685,48
359,83	1505,26
360,04	1542,12
360,25	1472,49
360,46	1552,36
360,67	1484,78
360,88	1533,93
361,09	1628,14
361,30	1546,22
361,51	1521,64
361,72	1484,78
361,92	1589,22
362,13	1497,07
362,34	1513,45
362,55	1521,64
362,76	1456,11
362,97	1390,57
363,18	1609,70
363,39	1517,54
363,60	1546,22
363,81	1488,87
364,01	1529,83
364,22	1546,22
364,43	1505,26
364,64	1474,54
364,85	1548,26
365,06	1447,91
365,27	1546,22
365,48	1546,22
365,69	1581,03
365,89	1466,35
366,10	1505,26
366,31	1538,02
366,52	1523,69
366,73	1581,03
366,94	1521,64
367,15	1464,30
367,36	1456,11
367,57	1591,27
367,77	1578,98
367,98	1542,12
368,19	1439,72
368,40	1513,45
368,61	1546,22
368,82	1443,82
369,03	1499,11
369,23	1599,46
369,44	1472,49
369,65	1398,76
369,86	1570,79
370,07	1501,16
370,28	1558,50
370,49	1488,87
370,70	1474,54
370,90	1507,30
371,11	1456,11
371,32	1505,26
371,53	1548,26
371,74	1449,96
371,95	1550,31
372,16	1464,30
372,36	1472,49
372,57	1482,73
372,78	1488,87
372,99	1503,21
373,20	1464,30
373,41	1523,69
373,61	1488,87
373,82	1550,31
374,03	1490,92
374,24	1556,46
374,45	1546,22
374,66	1505,26
374,86	1556,46
375,07	1521,64
375,28	1529,83
375,49	1488,87
375,70	1400,81
375,91	1497,07
376,11	1531,88
376,32	1554,41
376,53	1531,88
376,74	1619,94
376,95	1908,71
377,16	1595,37
377,36	1529,83
377,57	1542,12
377,78	1447,91
377,99	1562,60
378,20	1521,64
378,40	1558,50
378,61	1597,42
378,82	1509,35
379,03	1538,02
379,24	1660,90
379,45	1411,05
379,65	1501,16
379,86	1515,50
380,07	1464,30
380,28	1529,83
380,49	1554,41
380,69	1595,37
380,90	1630,18
381,11	1587,18
381,32	1490,92
381,53	1628,14
381,73	1619,94
381,94	1447,91
382,15	1538,02
382,36	1597,42
382,57	1509,35
382,77	1447,91
382,98	1488,87
383,19	1540,07
383,40	1603,56
383,60	1484,78
383,81	1529,83
384,02	1538,02
384,23	1538,02
384,44	1458,15
384,64	1540,07
384,85	1603,56
385,06	1619,94
385,27	1509,35
385,48	1513,45
385,68	1513,45
385,89	1490,92
386,10	1529,83
386,31	1523,69
386,51	1558,50
386,72	1546,22
386,93	1562,60
387,14	1554,41
387,34	1488,87
387,55	1431,53
387,76	1501,16
387,97	1458,15
388,17	1578,98
388,38	1556,46
388,59	1513,45
388,80	1519,59
389,01	1513,45
389,21	1480,68
389,42	1515,50
389,63	1558,50
389,84	1488,87
390,04	1521,64
390,25	1521,64
390,46	1546,22
390,67	1521,64
390,87	1548,26
391,08	1630,18
391,29	1464,30
391,49	1556,46
391,70	1488,87
391,91	1474,54
392,12	1603,56
392,32	1507,30
392,53	1595,37
392,74	1546,22
392,95	1417,19
393,15	1601,51
393,36	1521,64
393,57	1460,20
393,78	1521,64
393,98	1562,60
394,19	1546,22
394,40	1591,27
394,60	1558,50
394,81	1501,16
395,02	1390,57
395,23	1538,02
395,43	1546,22
395,64	1570,79
395,85	1480,68
396,06	1521,64
396,26	1554,41
396,47	1458,15
396,68	1472,49
396,88	1550,31
397,09	1431,53
397,30	1501,16
397,50	1513,45
397,71	1538,02
397,92	1578,98
398,13	1464,30
398,33	1513,45
398,54	1644,52
398,75	1540,07
398,95	1581,03
399,16	1529,83
399,37	1517,54
399,57	1585,13
399,78	1587,18
399,99	1546,22
400,20	1677,29
400,40	1521,64
400,61	1505,26
400,82	1456,11
401,02	1636,33
401,23	1529,83
401,44	1466,35
401,64	1572,84
401,85	1570,79
402,06	1546,22
402,26	1591,27
402,47	1585,13
402,68	1710,05
402,88	1472,49
403,09	1574,89
403,30	1550,31
403,50	1484,78
403,71	1665,00
403,92	1452,01
404,12	1531,88
404,33	1554,41
404,54	1611,75
404,74	1646,57
404,95	1597,42
405,16	1554,41
405,36	1587,18
405,57	1538,02
405,78	1619,94
405,98	1525,74
406,19	1572,84
406,40	1611,75
406,60	1587,18
406,81	1570,79
407,02	1630,18
407,22	1564,65
407,43	1472,49
407,64	1624,04
407,84	1515,50
408,05	1548,26
408,26	1619,94
408,46	1624,04
408,67	1642,47
408,87	1548,26
409,08	1505,26
409,29	1660,90
409,49	1578,98
409,70	1603,56
409,91	1671,14
410,11	1611,75
410,32	1689,57
410,53	1644,52
410,73	1562,60
410,94	1634,28
411,14	1578,98
411,35	1726,44
411,56	1728,49
411,76	1751,01
411,97	1753,06
412,18	1718,25
412,38	1615,85
412,59	1761,25
412,79	1669,09
413,00	1753,06
413,21	1742,82
413,41	1718,25
413,62	1759,21
413,82	1785,83
414,03	1865,70
414,24	1832,93
414,44	1701,86
414,65	1810,40
414,86	1802,21
415,06	1851,36
415,27	1746,92
415,47	1826,79
415,68	1804,26
415,89	1890,28
416,09	1910,75
416,30	1875,94
416,50	1935,33
416,71	1972,19
416,92	1910,75
417,12	2021,35
417,33	2050,02
417,53	1941,47
417,74	1968,10
417,94	2144,22
418,15	2086,88
418,36	2004,96
418,56	2037,73
418,77	2136,03
418,97	2127,84
419,18	2179,04
419,39	2160,61
419,59	2338,78
419,80	2310,11
420,00	2234,33
420,21	2222,05
420,41	2291,68
420,62	2312,16
420,83	2301,92
421,03	2291,68
421,24	2349,02
421,44	2389,98
421,65	2512,86
421,85	2471,90
422,06	2588,63
422,27	2701,27
422,47	2627,54
422,68	2691,03
422,88	2824,15
423,09	2672,60
423,29	2820,05
423,50	2842,58
423,70	2777,05
423,91	2942,93
424,12	2930,64
424,32	2973,65
424,53	3166,16
424,73	3274,70
424,94	3231,69
425,14	3176,40
425,35	3143,63
425,55	3383,24
425,76	3467,21
425,96	3536,84
426,17	3512,27
426,37	3547,08
426,58	3651,53
426,79	3643,34
426,99	3889,09
427,20	3989,44
427,40	3989,44
427,61	3848,13
427,81	4069,31
428,02	4218,82
428,22	4245,44
428,43	4450,24
428,63	4212,67
428,84	4618,17
429,04	4413,37
429,25	4642,75
429,45	4773,82
429,66	4876,21
429,86	4761,53
430,07	4831,16
430,27	5029,81
430,48	5285,81
430,68	5273,52
430,89	5425,07
431,09	5339,05
431,30	5457,84
431,50	5719,98
431,71	5842,85
431,91	5889,96
432,12	6152,10
432,32	6135,71
432,53	6125,47
432,73	6193,06
432,94	6514,59
433,14	6961,05
433,35	6791,06
433,55	7004,05
433,76	7102,36
433,96	7112,60
434,17	7526,29
434,37	7577,48
434,58	7632,78
434,78	7954,31
434,99	8085,38
435,19	8322,94
435,40	8361,86
435,60	8521,60
435,81	8861,56
436,01	8828,79
436,22	9004,92
436,42	9103,22
436,63	9156,47
436,83	9647,98
437,04	10057,57
437,24	10022,76
437,45	10174,31
437,65	9877,35
437,86	10862,43
438,06	10684,25
438,26	11147,09
438,47	11198,29
438,67	11949,90
438,88	11638,61
439,08	11687,76
439,29	12042,06
439,49	12336,96
439,70	12695,36
439,90	12615,49
440,11	13219,64
440,31	13449,01
440,52	13729,58
440,72	13930,28
440,92	13940,52
441,13	14317,35
441,33	15152,92
441,54	15689,49
441,74	15533,84
441,95	15570,71
442,15	16893,69
442,36	16123,66
442,56	17028,86
442,76	17387,25
442,97	17553,14
443,17	17790,70
443,38	18222,83
443,58	18114,28
443,79	18177,77
443,99	19216,09
444,19	20053,71
444,40	20217,55
444,60	20412,10
444,81	20897,47
445,01	21247,68
445,22	21001,92
445,42	22408,87
445,62	22660,77
445,83	23414,43
446,03	23510,68
446,24	23944,85
446,44	25278,08
446,64	25081,47
446,85	24592,01
447,05	26074,74
447,26	26769,00
447,46	26932,84
447,67	27498,08
447,87	27866,71
448,07	29353,54
448,28	29447,74
448,48	28958,28
448,69	29111,88
448,89	30142,00
449,09	30709,29
449,30	31196,71
449,50	33013,26
449,71	32275,99
449,91	33691,13
450,11	32726,54
450,32	33365,51
450,52	33385,99
450,72	34698,73
450,93	34551,28
451,13	34874,86
451,34	35530,21
451,54	36277,72
451,74	36115,93
451,95	35593,70
452,15	35513,83
452,36	35759,58
452,56	38190,52
452,76	36210,14
452,97	37336,52
453,17	38913,45
453,37	37117,39
453,58	37768,64
453,78	38565,30
453,98	37576,13
454,19	37264,84
454,39	36683,22
454,60	37858,75
454,80	36373,97
455,00	37359,05
455,21	35343,84
455,41	37569,99
455,61	35560,93
455,82	36064,73
456,02	34651,63
456,22	34663,92
456,43	34508,27
456,63	35376,61
456,84	35648,99
457,04	34473,46
457,24	32845,32
457,45	33824,25
457,65	34522,61
457,85	33099,27
458,06	32142,87
458,26	31094,31
458,46	31559,20
458,67	31792,67
458,87	30178,87
459,07	29175,36
459,28	28907,08
459,48	29032,00
459,68	28169,81
459,89	28057,17
460,09	27991,64
460,29	27948,63
460,50	26281,58
460,70	26865,25
460,90	26226,29
461,11	26439,28
461,31	26183,28
461,51	25714,30
461,72	25417,34
461,92	25386,62
462,12	23774,87
462,32	23172,77
462,53	24505,99
462,73	23660,18
462,93	23738,01
463,14	22892,19
463,34	21935,79
463,54	22003,38
463,75	22091,44
463,95	22298,28
464,15	22075,06
464,36	22644,39
464,56	21534,39
464,76	21272,25
464,96	20948,67
465,17	20915,90
465,37	20330,19
465,57	20907,71
465,78	20879,04
465,98	20045,52
466,18	20889,28
466,39	20070,09
466,59	20633,29
466,79	20180,68
466,99	20393,67
467,20	20274,89
467,40	19867,34
467,60	19551,96
467,81	19441,37
468,01	19924,69
468,21	19752,66
468,41	19461,85
468,62	19199,71
468,82	19093,21
469,02	18966,24
469,22	19281,63
469,43	18286,31
469,63	19146,46
469,83	19291,87
470,04	19062,49
470,24	18917,09
470,44	18691,81
470,64	19203,80
470,85	18007,79
471,05	17800,94
471,25	17749,75
471,45	17987,31
471,66	18120,43
471,86	18218,73
472,06	18224,87
472,26	17733,36
472,47	17135,35
472,67	17561,33
472,87	17741,55
473,07	16924,41
473,28	16504,58
473,48	16316,17
473,68	16447,24
473,88	16422,66
474,09	16475,91
474,29	16283,40
474,49	16244,49
474,69	16094,99
474,90	16070,41
475,10	15746,83
475,30	16000,78
475,50	15408,92
475,70	15245,08
475,91	14964,51
476,11	15191,83
476,31	15169,30
476,51	14964,51
476,72	14935,84
476,92	14292,77
477,12	14864,16
477,32	14260,01
477,53	14362,40
477,73	14360,36
477,93	14151,46
478,13	14038,83
478,33	13662,00
478,54	13686,58
478,74	13606,70
478,94	13551,41
479,14	13590,32
479,34	13178,68
479,55	13203,25
479,75	13031,23
479,95	13457,20
480,15	13336,37
480,35	13166,39
480,56	13117,24
480,76	12982,07
480,96	12912,44
481,16	12883,77
481,36	12674,88
481,57	12769,09
481,77	12359,49
481,97	12912,44
482,17	12576,58
482,37	12793,66
482,58	12537,66
482,78	12238,66
482,98	12576,58
483,18	12334,92
483,38	12236,61
483,58	12328,77
483,79	12429,12
483,99	12212,04
484,19	12244,81
484,39	12316,48
484,59	12246,85
484,80	12261,19
485,00	12390,21
485,20	11941,71
485,40	12347,20
485,60	12197,70
485,80	12228,42
486,01	12033,86
486,21	12060,49
486,41	12347,20
486,61	12287,81
486,81	12093,26
487,01	11654,99
487,22	12080,97
487,42	11960,14
487,62	12035,91
487,82	12046,15
488,02	11796,30
488,22	12166,98
488,42	12068,68
488,63	12035,91
488,83	11986,76
489,03	11829,07
489,23	12187,46
489,43	12056,39
489,63	12060,49
489,83	11913,03
490,04	12042,06
490,24	12005,19
490,44	11966,28
490,64	11820,88
490,84	11851,60
491,04	11962,19
491,24	11958,09
491,44	11915,08
491,65	11949,90
491,85	11859,79
492,05	12101,45
492,25	12162,89
492,45	12162,89
492,65	12121,93
492,85	11906,89
493,05	12195,65
493,26	11908,94
493,46	12138,31
493,66	12162,89
493,86	12068,68
494,06	12187,46
494,26	12183,37
494,46	12289,86
494,66	12392,26
494,86	12375,88
495,07	12310,34
495,27	12435,27
495,47	12648,26
495,67	12263,24
495,87	12590,91
496,07	12556,10
496,27	12670,78
496,47	12633,92
496,67	12715,84
496,87	12810,04
497,08	13008,70
497,28	12777,28
497,48	13055,80
497,68	13283,13
497,88	13023,03
498,08	13152,06
498,28	13444,91
498,48	13416,24
498,68	13276,98
498,88	13295,41
499,08	13281,08
499,29	13514,55
499,49	13623,09
499,69	13664,05
499,89	13936,43
500,09	13924,14
500,29	14171,94
500,49	14186,28
500,69	14202,66
500,89	14391,08
501,09	14169,90
501,29	14444,32
501,49	14587,68
501,69	14518,05
501,89	14171,94
502,09	14833,44
502,30	15177,50
502,50	14976,80
502,70	15111,96
502,90	15056,67
503,10	15034,14
503,30	15425,30
503,50	15423,25
503,70	15206,17
503,90	15288,09
504,10	15843,09
504,30	15484,69
504,50	15939,34
504,70	15949,58
504,90	16062,22
505,10	16135,95
505,30	16037,64
505,50	16344,84
505,70	16561,92
505,90	16680,71
506,10	16783,10
506,30	17112,83
506,50	17071,87
506,70	17209,08
506,90	17022,72
507,11	17319,67
507,31	17424,12
507,51	17391,35
507,71	17454,84
507,91	17716,98
508,11	17766,13
508,31	17540,85
508,51	17800,94
508,71	17946,35
508,91	18314,98
509,11	18384,62
509,31	18611,94
509,51	18702,05
509,71	18687,71
509,91	18732,77
510,11	18933,47
510,31	19269,34
510,51	19289,82
510,71	19283,67
510,91	19181,28
511,11	19625,68
511,31	19769,04
511,51	19930,83
511,71	20082,38
511,91	19699,41
512,11	20149,96
512,31	20041,42
512,51	20360,91
512,71	20643,52
512,91	20453,06
513,11	20405,96
513,31	20887,23
513,51	20932,29
513,71	21018,30
513,91	21194,43
514,11	21309,11
514,31	21511,86
514,51	21470,90
514,71	21692,08
514,90	21696,18
515,10	22255,28
515,30	22132,40
515,50	22101,68
515,70	22601,38
515,90	22419,11
516,10	22541,99
516,30	22539,94
516,50	22867,62
516,70	23002,78
516,90	22814,37
517,10	23281,31
517,30	23422,62
517,50	23234,21
517,70	23498,39
517,90	23752,34
518,10	23537,30
518,30	23568,02
518,50	24100,50
518,70	23781,01
518,90	24139,41
519,10	24131,22
519,30	24000,15
519,50	24419,98
519,69	24585,86
519,89	24639,11
520,09	24465,03
520,29	24659,59
520,49	24764,04
520,69	25040,51
520,89	24641,16
521,09	24872,58
521,29	25659,00
521,49	25069,19
521,69	25241,21
521,89	25384,57
522,09	25417,34
522,29	25450,11
522,48	25212,54
522,68	25687,67
522,88	25562,75
523,08	25224,83
523,28	25788,02
523,48	25665,14
523,68	25671,29
523,88	25843,32
524,08	25622,14
524,28	25929,33
524,48	26154,61
524,68	26089,07
524,87	25974,39
525,07	25990,77
525,27	25990,77
525,47	26041,97
525,67	26039,92
525,87	25859,70
526,07	26091,12
526,27	26279,54
526,47	26111,60
526,67	25886,32
526,86	26195,57
527,06	25937,52
527,26	26142,32
527,46	26400,37
527,66	26437,23
527,86	26277,49
528,06	26214,00
528,26	26486,38
528,46	26154,61
528,65	26424,94
528,85	26510,96
529,05	26519,15
529,25	26146,42
529,45	26410,60
529,65	26261,10
529,85	26535,53
530,05	26261,10
530,24	26240,62
530,44	26431,08
530,64	26199,66
530,84	26617,45
531,04	26267,25
531,24	26166,90
531,44	26482,28
531,63	26156,66
531,83	26492,52
532,03	26599,02
532,23	26769,00
532,43	26650,22
532,63	26607,21
532,83	26404,46
533,02	26850,92
533,22	26044,02
533,42	26472,04
533,62	26773,10
533,82	26547,82
534,02	26599,02
534,22	26519,15
534,41	26420,84
534,61	26431,08
534,81	26383,98
535,01	26486,38
535,21	26801,77
535,41	26457,71
535,60	26490,48
535,80	26416,75
536,00	26533,48
536,20	26388,08
536,40	26543,72
536,60	26195,57
536,79	26678,89
536,99	26445,42
537,19	26611,31
537,39	26218,10
537,59	26621,55
537,78	26338,93
537,98	26103,41
538,18	26402,41
538,38	26394,22
538,58	26084,98
538,77	26596,97
538,97	26209,90
539,17	26465,90
539,37	26572,39
539,57	26236,53
539,77	26584,68
539,96	26320,49
540,16	26740,33
540,36	26295,92
540,56	26412,65
540,76	26371,69
540,95	25927,28
541,15	25984,63
541,35	26375,79
541,55	26412,65
541,74	26078,83
541,94	26199,66
542,14	25962,10
542,34	26312,30
542,54	26676,84
542,73	26222,19
542,93	26316,40
543,13	25839,22
543,33	26351,21
543,53	26465,90
543,72	26181,23
543,92	26130,03
544,12	26166,90
544,32	25990,77
544,51	26193,52
544,71	26236,53
544,91	25773,69
545,11	25974,39
545,30	26015,35
545,50	25806,45
545,70	26109,55
545,90	25740,92
546,10	25366,14
546,29	25894,52
546,49	25996,92
546,69	25575,03
546,89	25615,99
547,08	25902,71
547,28	25685,62
547,48	25482,88
547,68	25677,43
547,87	25278,08
548,07	25632,38
548,27	25382,52
548,47	25583,23
548,66	25347,71
548,86	25339,52
549,06	25579,13
549,25	25368,19
549,45	25499,26
549,65	25577,08
549,85	25595,51
550,04	25423,48
550,24	25550,46
550,44	25321,09
550,64	25101,95
550,83	25339,52
551,03	25513,59
551,23	25294,46
551,43	25456,25
551,62	25448,06
551,82	25155,20
552,02	25343,61
552,21	25196,16
552,41	25273,98
552,61	25261,69
552,81	25194,11
553,00	25228,93
553,20	25040,51
553,40	25192,06
553,59	25310,85
553,79	25384,57
553,99	25134,72
554,18	24862,34
554,38	24663,69
554,58	25376,38
554,78	24970,88
554,97	25265,79
555,17	25200,26
555,37	24985,22
555,56	24868,48
555,76	25054,85
555,96	24891,01
556,15	24692,36
556,35	25085,57
556,55	24915,59
556,74	24749,70
556,94	24778,37
557,14	24876,68
557,34	24848,00
557,53	24475,27
557,73	24901,25
557,93	24784,52
558,12	24716,93
558,32	24727,17
558,52	24903,30
558,71	24735,37
558,91	24477,32
559,11	24551,05
559,30	24344,20
559,50	24731,27
559,70	24604,30
559,89	24270,48
560,09	24475,27
560,29	24444,56
560,48	24448,65
560,68	24663,69
560,88	24419,98
561,07	24430,22
561,27	24360,59
561,46	24348,30
561,66	24622,73
561,86	24250,00
562,05	24102,54
562,25	24288,91
562,45	24237,71
562,64	24270,48
562,84	24417,93
563,04	24387,21
563,23	24471,18
563,43	24016,53
563,63	24321,68
563,82	24221,33
564,02	24100,50
564,21	23946,90
564,41	23764,63
564,61	23733,91
564,80	24045,20
565,00	24172,18
565,20	24098,45
565,39	24229,52
565,59	23981,71
565,78	24139,41
565,98	24174,22
566,18	23844,50
566,37	23940,75
566,57	23692,95
566,77	23826,07
566,96	23895,70
567,16	23764,63
567,35	23475,87
567,55	23756,44
567,75	23871,12
567,94	23545,50
568,14	23789,20
568,33	23590,55
568,53	23846,55
568,73	23926,42
568,92	23381,66
569,12	23660,18
569,31	23465,63
569,51	23746,20
569,71	23568,02
569,90	23449,24
570,10	23592,60
570,29	23443,10
570,49	23512,73
570,69	23541,40
570,88	23252,64
571,08	23183,01
571,27	23125,66
571,47	23271,07
571,66	23389,85
571,86	23537,30
572,06	23459,48
572,25	23213,73
572,45	23053,98
572,64	22761,12
572,84	23338,65
573,03	23291,55
573,23	23275,16
573,43	22910,63
573,62	22898,34
573,82	23154,33
574,01	22914,72
574,21	22857,38
574,40	23013,02
574,60	23082,66
574,79	23041,70
574,99	23127,71
575,19	22986,40
575,38	22888,10
575,58	22904,48
575,77	23176,86
575,97	22697,64
576,16	23109,28
576,36	22603,43
576,55	22480,55
576,75	22533,80
576,94	22517,42
577,14	22372,01
577,34	22535,85
577,53	22595,24
577,73	22607,53
577,92	22836,90
578,12	22746,79
578,31	22376,11
578,51	22724,26
578,70	22265,52
578,90	22585,00
579,09	22296,24
579,29	22353,58
579,48	22202,03
579,68	22275,76
579,87	21968,56
580,07	22191,79
580,26	22113,97
580,46	21780,15
580,65	22093,49
580,85	21620,41
581,04	21862,07
581,24	21999,28
581,43	22075,06
581,63	21737,14
581,82	21794,48
582,02	21683,89
582,21	22175,41
582,41	21862,07
582,60	21364,41
582,80	21587,64
582,99	21624,50
583,19	21388,99
583,38	21608,12
583,58	21335,74
583,77	21636,79
583,97	21448,38
584,16	21149,37
584,36	21397,18
584,55	21462,71
584,75	21421,75
584,94	21108,41
585,14	20971,20
585,33	20858,56
585,53	21184,19
585,72	20883,14
585,92	20895,43
586,11	21108,41
586,31	21141,18
586,50	21243,58
586,70	20864,71
586,89	20680,39
587,09	20969,15
587,28	20780,74
587,47	20760,26
587,67	20553,41
587,86	20682,44
588,06	20577,99
588,25	20422,34
588,45	20246,22
588,64	20418,25
588,84	20405,96
589,03	20403,91
589,23	20152,01
589,42	20258,51
589,61	20281,03
589,81	20178,64
590,00	20127,44
590,20	20315,85
590,39	20082,38
590,59	20207,31
590,78	20094,67
590,98	19969,74
591,17	19699,41
591,36	19609,30
591,56	19853,01
591,75	20076,24
591,95	19660,50
592,14	19652,31
592,34	19605,20
592,53	19588,82
592,72	19484,37
592,92	19576,53
593,11	19685,08
593,31	19269,34
593,50	19416,79
593,69	19277,53
593,89	19244,76
594,08	19111,64
594,28	19412,70
594,47	19152,60
594,67	19019,49
594,86	18939,62
595,05	19211,99
595,25	18896,61
595,44	18667,24
595,64	18646,76
595,83	18626,28
596,02	18888,42
596,22	18474,73
596,41	18503,40
596,61	18624,23
596,80	18575,08
596,99	18536,17
597,19	18421,48
597,38	18249,45
597,58	18333,42
597,77	17985,26
597,96	18407,14
598,16	18118,38
598,35	18038,51
598,54	18018,03
598,74	18046,70
598,93	18118,38
599,13	18026,22
599,32	17897,20
599,51	18087,66
599,71	18081,52
599,90	17667,83
600,09	17618,68
600,29	17538,80
600,48	17628,92
600,68	17579,76
600,87	17516,28
601,06	17518,32
601,26	17233,66
601,45	17118,97
601,64	17037,05
601,84	17364,73
602,03	17311,48
602,22	17157,88
602,42	17227,51
602,61	16709,38
602,80	16938,75
603,00	17223,42
603,19	16957,18
603,38	17118,97
603,58	16662,27
603,77	16602,88
603,96	16594,69
604,16	16471,81
604,35	16672,51
604,54	16408,33
604,74	16228,10
604,93	16643,84
605,12	16217,86
605,32	16303,88
605,51	16256,78
605,70	16340,74
605,90	15957,77
606,09	16391,94
606,28	15916,81
606,48	15816,46
606,67	15873,81
606,86	15916,81
607,06	15697,68
607,25	15965,96
607,44	15513,36
607,64	15496,98
607,83	15632,15
608,02	15580,95
608,22	15374,10
608,41	15474,45
608,60	15484,69
608,79	15554,32
608,99	15402,77
609,18	15384,34
609,37	15073,05
609,57	15222,55
609,76	15333,14
609,95	14776,09
610,15	14927,64
610,34	15058,71
610,53	14788,38
610,72	14825,25
610,92	14841,63
611,11	14657,31
611,30	14685,98
611,50	14620,45
611,69	14464,80
611,88	14688,03
612,07	14921,50
612,27	14546,72
612,46	14489,38
612,65	14319,40
612,84	14212,90
613,04	14432,04
613,23	14264,10
613,42	14235,43
613,62	14360,36
613,81	14276,39
614,00	14194,47
614,19	14309,16
614,39	14102,31
614,58	14210,86
614,77	13911,85
614,96	13961,00
615,16	14098,22
615,35	14116,65
615,54	13924,14
615,73	14022,44
615,93	14067,50
616,12	14219,05
616,31	13860,65
616,50	13918,00
616,70	13705,01
616,89	14008,11
617,08	13825,84
617,27	13924,14
617,47	13862,70
617,66	13614,90
617,85	13776,69
618,04	13684,53
618,23	13623,09
618,43	13457,20
618,62	13705,01
618,81	13539,12
619,00	13494,07
619,20	13354,80
619,39	13338,42
619,58	13588,27
619,77	13571,89
619,96	13522,74
620,16	13639,47
620,35	13475,63
620,54	13301,56
620,73	13180,73
620,93	13403,96
621,12	13363,00
621,31	13526,83
621,50	13387,57
621,69	13440,82
621,89	13115,19
622,08	13246,26
622,27	13092,66
622,46	13236,02
622,65	13162,30
622,85	13164,34
623,04	13223,73
623,23	13070,14
623,42	13141,82
623,61	12914,49
623,81	13063,99
624,00	13203,25
624,19	13039,42
624,38	13008,70
624,57	12912,44
624,76	13100,86
624,96	12715,84
625,15	12572,48
625,34	12629,82
625,53	12670,78
625,72	12654,40
625,91	12492,61
626,11	12375,88
626,30	12392,26
626,49	12535,62
626,68	12654,40
626,87	12261,19
627,06	12199,75
627,26	12080,97
627,45	12171,08
627,64	12134,21
627,83	12089,16
628,02	11962,19
628,21	11863,88
628,41	12056,39
628,60	11710,29
628,79	11517,78
628,98	11808,59
629,17	11716,43
629,36	11630,41
629,55	11679,57
629,75	11622,22
629,94	11450,19
630,13	11620,17
630,32	11454,29
630,51	11224,92
630,70	11075,42
630,89	11343,70
631,09	11157,33
631,28	11220,82
631,47	11253,59
631,66	10897,24
631,85	10807,13
632,04	10925,91
632,23	10862,43
632,42	10757,98
632,62	10788,70
632,81	10655,58
633,00	10786,65
633,19	10403,68
633,38	10649,44
633,57	10346,34
633,76	10315,62
633,95	10401,63
634,14	10299,23
634,34	10231,65
634,53	10137,45
634,72	10332,00
634,91	10368,87
635,10	10223,46
635,29	10090,34
635,48	10151,78
635,67	10045,29
635,86	9883,50
636,05	10041,19
636,24	10114,92
636,44	9938,79
636,63	9836,39
636,82	9791,34
637,01	9803,63
637,20	9744,24
637,39	9748,33
637,58	9607,02
637,77	9723,76
637,96	9598,83
638,15	9346,93
638,34	9418,61
638,53	9232,24
638,73	9166,71
638,92	9287,54
639,11	9328,50
639,30	9330,55
639,49	9135,99
639,68	9133,94
639,87	9230,20
640,06	9111,41
640,25	9025,40
640,44	8804,22
640,63	9000,82
640,82	8877,94
641,01	8812,41
641,20	9049,97
641,39	8843,13
641,58	8824,70
641,77	8689,53
641,96	8746,87
642,16	8607,61
642,35	8732,54
642,54	8574,85
642,73	8554,37
642,92	8517,50
643,11	8624,00
643,30	8544,13
643,49	8349,57
643,68	8339,33
643,87	8316,80
644,06	8435,58
644,25	8271,75
644,44	8281,99
644,63	8177,54
644,82	8159,11
645,01	7929,74
645,20	8118,15
645,39	7937,93
645,58	8058,76
645,77	7960,45
645,96	7923,59
646,15	7966,60
646,34	7958,41
646,53	7874,44
646,72	7907,21
646,91	7903,11
647,10	7665,55
647,29	7813,00
647,48	7780,23
647,67	7579,53
647,86	7608,20
648,05	7686,03
648,24	7681,93
648,43	7733,13
648,62	7675,79
648,81	7427,98
649,00	7479,18
649,19	7583,63
649,38	7346,06
649,57	7415,69
649,76	7298,96
649,95	7421,84
650,14	7339,92
650,33	7399,31
650,52	7235,47
650,71	7020,44
650,90	7126,93
651,09	7374,74
651,28	7034,77
651,47	7042,96
651,66	7219,09
651,85	6895,51
652,04	6979,48
652,23	6834,07
652,42	6952,85
652,61	7014,29
652,80	6821,78
652,99	6848,41
653,17	6846,36
653,36	6915,99
653,55	6719,39
653,74	6621,08
653,93	6506,40
654,12	6723,48
654,31	6627,23
654,50	6592,41
654,69	6561,69
654,88	6567,84
655,07	6653,85
655,26	6508,44
655,45	6397,85
655,64	6649,75
655,83	6461,34
656,02	6395,81
656,21	6266,78
656,39	6399,90
656,58	6242,21
656,77	6326,18
656,96	6406,05
657,15	6270,88
657,34	6428,57
657,53	6219,68
657,72	6231,97
657,91	6172,58
658,10	6109,09
658,29	6215,59
658,48	5978,02
658,67	5978,02
658,85	6297,50
659,04	5978,02
659,23	6088,61
659,42	6076,32
659,61	6166,43
659,80	6150,05
659,99	5879,72
660,18	5922,73
660,37	5986,21
660,56	5871,53
660,74	5875,62
660,93	5771,18
661,12	5838,76
661,31	5762,98
661,50	5881,77
661,69	5650,35
661,88	5742,50
662,07	5670,83
662,26	5838,76
662,44	5617,58
662,63	5625,77
662,82	5425,07
663,01	5638,06
663,20	5506,99
663,39	5699,50
663,58	5642,15
663,77	5486,51
663,95	5406,64
664,14	5427,12
664,33	5398,45
664,52	5265,33
664,71	5404,59
664,90	5339,05
665,09	5218,22
665,27	5167,03
665,46	5240,75
665,65	5302,19
665,84	5273,52
666,03	5429,17
666,22	5250,99
666,41	5212,08
666,59	5240,75
666,78	5078,96
666,97	5160,88
667,16	5035,96
667,35	5060,53
667,54	5044,15
667,72	5025,72
667,91	4947,89
668,10	4945,84
668,29	5111,73
668,48	4921,27
668,67	4986,80
668,85	4964,28
669,04	5031,86
669,23	4839,35
669,42	4765,62
669,61	4872,12
669,80	4814,77
669,98	4966,32
670,17	4892,60
670,36	4773,82
670,55	4642,75
670,74	4827,06
670,92	4786,10
671,11	4667,32
671,30	4650,94
671,49	4847,54
671,68	4790,20
671,86	4673,46
672,05	4806,58
672,24	4708,28
672,43	4634,55
672,62	4655,03
672,80	4562,87
672,99	4462,52
673,18	4609,98
673,37	4560,83
673,56	4497,34
673,74	4380,61
673,93	4388,80
674,12	4360,13
674,31	4339,65
674,50	4317,12
674,68	4276,16
674,87	4366,27
675,06	4286,40
675,25	4282,30
675,43	4290,49
675,62	4368,32
675,81	4306,88
676,00	4224,96
676,19	4208,58
676,37	4145,09
676,56	4237,25
676,75	4241,34
676,94	4167,62
677,12	4147,14
677,31	4110,27
677,50	4261,82
677,69	4102,08
677,87	4081,60
678,06	4134,85
678,25	4073,41
678,44	4040,64
678,62	4011,97
678,81	3962,82
679,00	4143,04
679,19	3983,30
679,37	3964,87
679,56	3860,42
679,75	4036,55
679,94	3973,06
680,12	4020,16
680,31	3997,64
680,50	3831,75
680,68	3819,46
680,87	3848,13
681,06	3997,64
681,25	3749,83
681,43	3864,52
681,62	3848,13
681,81	3901,38
682,00	3774,41
682,18	3831,75
682,37	3741,64
682,56	3741,64
682,74	3710,92
682,93	3796,93
683,12	3678,15
683,31	3667,91
683,49	3585,99
683,68	3577,80
683,87	3637,19
684,05	3600,33
684,24	3635,14
684,43	3565,51
684,61	3749,83
684,80	3467,21
684,99	3389,39
685,18	3520,46
685,36	3479,50
685,55	3561,42
685,74	3626,95
685,92	3502,03
686,11	3413,96
686,30	3506,12
686,48	3440,59
686,67	3430,35
686,86	3561,42
687,04	3545,03
687,23	3438,54
687,42	3467,21
687,60	3373,00
687,79	3389,39
687,98	3463,12
688,16	3360,72
688,35	3377,10
688,54	3430,35
688,72	3899,33
688,91	3319,76
689,10	3295,18
689,28	3377,10
689,47	3454,92
689,66	3399,63
689,84	3235,79
690,03	3258,32
690,22	3352,52
690,40	3252,17
690,59	3200,98
690,78	3192,78
690,96	3297,23
691,15	3192,78
691,34	3155,92
691,52	3209,17
691,71	3176,40
691,89	3231,69
692,08	3088,34
692,27	3147,73
692,45	3135,44
692,64	3041,23
692,83	3014,61
693,01	3127,25
693,20	3102,67
693,38	3110,86
693,57	3139,54
693,76	3035,09
693,94	3098,58
694,13	3217,36
694,32	3069,91
694,50	3151,82
694,69	3012,56
694,87	3151,82
695,06	3028,95
695,25	3063,76
695,43	3106,77
695,62	2963,41
695,80	3012,56
695,99	2869,20
696,18	2899,92
696,36	2932,69
696,55	2922,45
696,73	2967,51
696,92	2959,31
697,11	2932,69
697,29	2955,22
697,48	2996,18
697,66	3037,14
697,85	2856,92
698,04	2793,43
698,22	2807,77
698,41	2789,33
698,59	2801,62
698,78	2750,42
698,96	2926,55
699,15	2877,40
699,34	2760,66
699,52	2850,77
699,71	2832,34
699,89	2908,12
700,08	2818,00
700,26	2889,68
700,45	2922,45
700,64	2820,05
700,82	2832,34
701,01	2760,66
701,19	2897,88
701,38	2791,38
701,56	2684,89
701,75	2768,85
701,93	2719,70
702,12	2754,52
702,31	2684,89
702,49	2670,55
702,68	2734,04
702,86	2670,55
703,05	2635,74
703,23	2725,85
703,42	2875,35
703,60	2598,87
703,79	2619,35
703,97	2627,54
704,16	2676,70
704,34	2635,74
704,53	2658,26
704,72	2559,96
704,90	2545,63
705,09	2678,74
705,27	2596,82
705,46	2619,35
705,64	2596,82
705,83	2539,48
706,01	2512,86
706,20	2430,94
706,38	2729,94
706,57	2629,59
706,75	2504,67
706,94	2545,63
707,12	2508,76
707,31	2545,63
707,49	2537,43
707,68	2492,38
707,86	2529,24
708,05	2639,83
708,23	2607,06
708,42	2578,39
708,60	2578,39
708,79	2432,99
708,97	2594,78
709,16	2537,43
709,34	2514,91
709,53	2586,58
709,71	2447,32
709,90	2463,71
710,08	2529,24
710,27	2457,56
710,45	2488,28
710,64	2455,51
710,82	2389,98
711,00	2848,72
711,19	2457,56
711,37	2340,83
711,56	2418,65
711,74	2463,71
711,93	2402,27
712,11	2389,98
712,30	2326,49
712,48	2250,72
712,67	2381,79
712,85	2285,53
713,04	2359,26
713,22	2381,79
713,40	2439,13
713,59	2394,08
713,77	2340,83
713,96	2332,64
714,14	2381,79
714,33	2373,60
714,51	2283,49
714,70	2297,82
714,88	2283,49
715,06	2299,87
715,25	2324,44
715,43	2318,30
715,62	2299,87
715,80	2260,96
715,99	2258,91
716,17	2238,43
716,35	2205,66
716,54	2308,06
716,72	2381,79
716,91	2263,01
717,09	2291,68
717,28	2299,87
717,46	2418,65
717,64	2226,14
717,83	2334,68
718,01	2220,00
718,20	2267,10
718,38	2201,57
718,56	2209,76
718,75	2242,53
718,93	2226,14
719,12	2154,46
719,30	2172,89
719,48	2136,03
719,67	2144,22
719,85	2242,53
720,04	2201,57
720,22	2144,22
720,40	2144,22
720,59	2168,80
720,77	2152,42
720,96	2217,95
721,14	2099,17
721,32	2193,37
721,51	2129,89
721,69	2119,65
721,87	2119,65
722,06	2164,70
722,24	2144,22
722,43	2168,80
722,61	2136,03
722,79	2029,54
722,98	2119,65
723,16	2209,76
723,34	2201,57
723,53	2152,42
723,71	2236,38
723,90	2115,55
724,08	2148,32
724,26	2111,46
724,45	2035,68
724,63	2181,09
724,81	2066,40
725,00	2074,59
725,18	2119,65
725,36	2160,61
725,55	2097,12
725,73	2062,30
725,91	2078,69
726,10	2045,92
726,28	2131,94
726,46	2050,02
726,65	2029,54
726,83	2136,03
727,01	2099,17
727,20	2039,78
727,38	2082,78
727,56	2056,16
727,75	2033,63
727,93	2047,97
728,11	2009,06
728,30	2078,69
728,48	2000,87
728,66	1957,86
728,85	1968,10
729,03	2004,96
729,21	1966,05
729,40	2054,11
729,58	2064,35
729,76	1929,19
729,94	2021,35
730,13	2050,02
730,31	1867,75
730,49	1902,56
730,68	1890,28
730,86	1957,86
731,04	2062,30
731,23	1966,05
731,41	1972,19
731,59	1804,26
731,77	2021,35
731,96	2080,74
732,14	1998,82
732,32	2074,59
732,51	1916,90
732,69	1886,18
732,87	1916,90
733,05	1996,77
733,24	1890,28
733,42	1957,86
733,60	1925,09
733,79	1884,13
733,97	1832,93
734,15	1865,70
734,33	2045,92
734,52	1949,67
734,70	1914,85
734,88	1968,10
735,06	1947,62
735,25	1984,48
735,43	1914,85
735,61	1832,93
735,79	1955,81
735,98	1882,08
736,16	2328,54
736,34	1914,85
736,52	1898,47
736,71	2009,06
736,89	1875,94
737,07	1875,94
737,25	1849,32
737,44	1892,32
737,62	1898,47
737,80	1923,04
737,98	1882,08
738,17	1832,93
738,35	1859,56
738,53	1923,04
738,71	1925,09
738,89	1908,71
739,08	1783,78
739,26	1824,74
739,44	1882,08
739,62	1865,70
739,81	1890,28
739,99	1777,64
740,17	1867,75
740,35	1914,85
740,53	1865,70
740,72	1966,05
740,90	1816,55
741,08	1877,99
741,26	1800,16
741,44	1787,88
741,63	1822,69
741,81	1882,08
741,99	1857,51
742,17	1900,52
742,35	1939,43
742,54	1726,44
742,72	1865,70
742,90	1865,70
743,08	1818,60
743,26	1785,83
743,45	1843,17
743,63	1841,12
743,81	1910,75
743,99	1734,63
744,17	1802,21
744,35	1849,32
744,54	1841,12
744,72	1873,89
744,90	1701,86
745,08	1775,59
745,26	1816,55
745,44	1767,40
745,63	1759,21
745,81	1834,98
745,99	1837,03
746,17	1660,90
746,35	1720,29
746,53	1718,25
746,72	1785,83
746,90	1787,88
747,08	1800,16
747,26	1767,40
747,44	1865,70
747,62	1849,32
747,81	1736,68
747,99	1654,76
748,17	1726,44
748,35	1746,92
748,53	1710,05
748,71	1841,12
748,89	1849,32
749,07	1841,12
749,26	1734,63
749,44	1791,97
749,62	1673,19
749,80	1685,48
749,98	1679,33
750,16	1744,87
750,34	1738,73
750,52	1714,15
750,71	1669,09
750,89	1734,63
751,07	1796,07
751,25	1734,63
751,43	1710,05
751,61	1730,53
751,79	1628,14
751,97	1697,77
752,15	1710,05
752,34	1759,21
752,52	1646,57
752,70	1728,49
752,88	1818,60
753,06	1763,30
753,24	1712,10
753,42	1578,98
753,60	1742,82
753,78	1660,90
753,96	1679,33
754,15	1695,72
754,33	1753,06
754,51	1771,49
754,69	1648,61
754,87	1759,21
755,05	1693,67
755,23	1763,30
755,41	1701,86
755,59	1662,95
755,77	1660,90
755,95	1605,61
756,13	1804,26
756,31	1665,00
756,50	1705,96
756,68	1685,48
756,86	1718,25
757,04	1656,81
757,22	1775,59
757,40	1644,52
757,58	1660,90
757,76	1751,01
757,94	1705,96
758,12	1767,40
758,30	1734,63
758,48	1572,84
758,66	1624,04
758,84	1693,67
759,02	1679,33
759,20	1814,50
759,38	1703,91
759,56	1636,33
759,74	1714,15
759,92	1687,53
760,10	1644,52
760,28	1705,96
760,47	1583,08
760,65	1734,63
760,83	1712,10
761,01	1603,56
761,19	1718,25
761,37	1619,94
761,55	1636,33
761,73	1628,14
761,91	1652,71
762,09	1607,66
762,27	1673,19
762,45	1712,10
762,63	1685,48
762,81	1726,44
762,99	1705,96
763,17	1693,67
763,35	1679,33
763,53	1644,52
763,71	1652,71
763,89	2056,16
764,07	1791,97
764,25	1785,83
764,43	1785,83
764,61	1726,44
764,79	1695,72
764,97	1673,19
765,15	1759,21
765,33	1693,67
765,51	1697,77
765,69	1669,09
765,87	1685,48
766,05	1583,08
766,23	1630,18
766,41	1728,49
766,58	1763,30
766,76	1611,75
766,94	1685,48
767,12	1640,42
767,30	1685,48
767,48	1558,50
767,66	1693,67
767,84	1701,86
768,02	1687,53
768,20	1720,29
768,38	1669,09
768,56	1695,72
768,74	1691,62
768,92	1574,89
769,10	1726,44
769,28	1628,14
769,46	1665,00
769,64	1693,67
769,82	1701,86
770,00	1619,94
770,18	1595,37
770,36	1673,19
770,53	1624,04
770,71	1640,42
770,89	1589,22
771,07	1619,94
771,25	1628,14
771,43	1671,14
771,61	1685,48
771,79	1589,22
771,97	1578,98
772,15	1628,14
772,33	1531,88
772,51	1597,42
772,69	1583,08
772,86	1660,90
773,04	1636,33
773,22	1654,76
773,40	1546,22
773,58	1542,12
773,76	1669,09
773,94	1578,98
774,12	1589,22
774,30	1628,14
774,48	1611,75
774,65	1599,46
774,83	1540,07
775,01	1607,66
775,19	1628,14
775,37	1554,41
775,55	1660,90
775,73	1689,57
775,91	1542,12
776,09	1710,05
776,26	1546,22
776,44	1660,90
776,62	1603,56
776,80	1611,75
776,98	1595,37
777,16	1572,84
777,34	1652,71
777,52	1640,42
777,69	1570,79
777,87	1542,12
778,05	1572,84
778,23	1505,26
778,41	1644,52
778,59	1652,71
778,77	1497,07
778,94	1587,18
779,12	1587,18
779,30	1640,42
779,48	1630,18
779,66	1593,32
779,84	1624,04
780,02	1628,14
780,19	1572,84
780,37	1515,50
780,55	1568,74
780,73	1515,50
780,91	1755,11
781,09	1673,19
781,26	1605,61
781,44	1665,00
781,62	1654,76
781,80	1488,87
781,98	1488,87
782,16	1466,35
782,33	1671,14
782,51	1677,29
782,69	1583,08
782,87	1581,03
783,05	1595,37
783,22	1726,44
783,40	1652,71
783,58	1546,22
783,76	1648,61
783,94	1656,81
784,12	1644,52
784,29	1597,42
784,47	1531,88
784,65	1509,35
784,83	1560,55
785,01	1570,79
785,18	1597,42
785,36	1476,59
785,54	1703,91
785,72	1660,90
785,89	1636,33
786,07	1488,87
786,25	1538,02
786,43	1570,79
786,61	1525,74
786,78	1554,41
786,96	1705,96
787,14	1581,03
787,32	1556,46
787,49	1621,99
787,67	1531,88
787,85	1525,74
788,03	1515,50
788,21	1591,27
788,38	1456,11
788,56	1564,65
788,74	1495,02
788,92	1599,46
789,09	1599,46
789,27	1566,70
789,45	1613,80
789,63	1499,11
789,80	1538,02
789,98	1505,26
790,16	1613,80
790,34	1501,16
790,51	1554,41
790,69	1554,41
790,87	1531,88
791,05	1538,02
791,22	1611,75
791,40	1531,88
791,58	1515,50
791,76	1570,79
791,93	1603,56
792,11	1562,60
792,29	1476,59
792,46	1562,60
792,64	1554,41
792,82	1615,85
793,00	1570,79
793,17	1443,82
793,35	1591,27
793,53	1611,75
793,70	1515,50
793,88	1415,15
794,06	1521,64
794,24	1562,60
794,41	1525,74
794,59	1513,45
794,77	1492,97
794,94	1519,59
795,12	1552,36
795,30	1515,50
795,47	1570,79
795,65	1460,20
795,83	1521,64
796,01	1538,02
796,18	1558,50
796,36	1486,83
796,54	1521,64
796,71	1632,23
796,89	1472,49
797,07	1581,03
797,24	1439,72
797,42	1581,03
797,60	1619,94
797,77	1533,93
797,95	1595,37
798,13	1570,79
798,30	1529,83
798,48	1521,64
798,66	1572,84
798,83	1677,29
799,01	1554,41
799,19	1509,35
799,36	1564,65
799,54	1558,50
799,72	1521,64
799,89	1562,60
800,07	1595,37
800,25	1466,35
800,42	1611,75
800,60	1578,98
800,78	1525,74
800,95	1603,56
801,13	1603,56
801,30	1433,58
801,48	1548,26
801,66	1538,02
801,83	1538,02
802,01	1564,65
802,19	1382,38
802,36	1538,02
802,54	1515,50
802,72	1542,12
802,89	1630,18
803,07	1435,63
803,24	1591,27
803,42	1464,30
803,60	1525,74
803,77	1619,94
803,95	1497,07
804,12	1595,37
804,30	1415,15
804,48	1507,30
804,65	1517,54
804,83	1603,56
805,01	1581,03
805,18	1578,98
805,36	1505,26
805,53	1425,39
805,71	1497,07
805,88	1464,30
806,06	1529,83
806,24	1529,83
806,41	1497,07
806,59	1540,07
806,76	1499,11
806,94	1480,68
807,12	1531,88
807,29	1570,79
807,47	1558,50
807,64	1638,38
807,82	1570,79
807,99	1431,53
808,17	1562,60
808,35	1523,69
808,52	1591,27
808,70	1521,64
808,87	1427,43
809,05	1554,41
809,22	1548,26
809,40	1464,30
809,58	1540,07
809,75	1439,72
809,93	1423,34
810,10	1499,11
810,28	1480,68
810,45	1472,49
810,63	1540,07
810,80	1562,60
810,98	1531,88
811,15	1542,12
811,33	1570,79
811,51	1488,87
811,68	1513,45
811,86	1441,77
812,03	1439,72
812,21	1449,96
812,38	1492,97
812,56	1570,79
812,73	1521,64
812,91	1581,03
813,08	1556,46
813,26	1546,22
813,43	1570,79
813,61	1597,42
813,78	1617,90
813,96	1581,03
814,13	1431,53
814,31	1597,42
814,48	1505,26
814,66	1431,53
814,83	1538,02
815,01	1492,97
815,18	1591,27
815,36	1488,87
815,53	1538,02
815,71	1587,18
815,88	1591,27
816,06	1488,87
816,23	1546,22
816,41	1398,76
816,58	1531,88
816,76	1751,01
816,93	1566,70
817,11	1621,99
817,28	1480,68
817,46	1525,74
817,63	1521,64
817,81	1578,98
817,98	1490,92
818,16	1505,26
818,33	1480,68
818,51	1542,12
818,68	1464,30
818,86	1581,03
819,03	1488,87
819,21	1513,45
819,38	1490,92
819,55	1482,73
819,73	1564,65
819,90	1423,34
820,08	1558,50
820,25	1556,46
820,43	1513,45
820,60	1466,35
820,78	1546,22
820,95	1427,43
821,12	1519,59
821,30	1439,72
821,47	1554,41
821,65	1548,26
821,82	1611,75
822,00	1480,68
822,17	1529,83
822,35	1556,46
822,52	1529,83
822,69	1492,97
822,87	1488,87
823,04	1470,44
823,22	1540,07
823,39	1435,63
823,56	1578,98
823,74	1521,64
823,91	1449,96
824,09	1531,88
824,26	1439,72
824,44	1499,11
824,61	1595,37
824,78	1517,54
824,96	1427,43
825,13	1529,83
825,31	1472,49
825,48	1603,56
825,65	1591,27
825,83	1529,83
826,00	1538,02
826,18	1578,98
826,35	1554,41
826,52	1439,72
826,70	1435,63
826,87	1583,08
827,04	1538,02
827,22	1357,80
827,39	1449,96
827,57	1581,03
827,74	1515,50
827,91	1447,91
828,09	1456,11
828,26	1423,34
828,43	1472,49
828,61	1538,02
828,78	1513,45
828,96	1554,41
829,13	1517,54
829,30	1542,12
829,48	1480,68
829,65	1538,02
829,82	1458,15
830,00	1466,35
830,17	1472,49
830,34	1562,60
830,52	1480,68
830,69	1572,84
830,86	1525,74
831,04	1521,64
831,21	1521,64
831,38	1480,68
831,56	1507,30
831,73	1570,79
831,90	1472,49
832,08	1488,87
832,25	1587,18
832,42	1482,73
832,60	1472,49
832,77	1546,22
832,94	1370,09
833,12	1423,34
833,29	1474,54
833,46	1476,59
833,64	1488,87
833,81	1472,49
833,98	1490,92
834,16	1509,35
834,33	1521,64
834,50	1546,22
834,67	1505,26
834,85	1480,68
835,02	1488,87
835,19	1468,39
835,37	1476,59
835,54	1464,30
835,71	1632,23
835,89	1357,80
836,06	1581,03
836,23	1556,46
836,40	1529,83
836,58	1589,22
836,75	1652,71
836,92	1423,34
837,10	1382,38
837,27	1447,91
837,44	1529,83
837,61	1578,98
837,79	1595,37
837,96	1497,07
838,13	1509,35
838,30	1505,26
838,48	1460,20
838,65	1415,15
838,82	1507,30
838,99	1578,98
839,17	1513,45
839,34	1505,26
839,51	1531,88
839,69	1464,30
839,86	1529,83
840,03	1587,18
840,20	1488,87
840,37	1468,39
840,55	1458,15
840,72	1548,26
840,89	1447,91
841,06	1540,07
841,24	1505,26
841,41	1529,83
841,58	1472,49
841,75	1538,02
841,93	1509,35
842,10	1460,20
842,27	1523,69
842,44	1472,49
842,62	1458,15
842,79	1638,38
842,96	1562,60
843,13	1513,45
843,30	1570,79
843,48	1538,02
843,65	1488,87
843,82	1583,08
843,99	1523,69
844,16	1456,11
844,34	1505,26
844,51	1517,54
844,68	1558,50
844,85	1529,83
845,02	1540,07
845,20	1464,30
845,37	1513,45
845,54	1597,42
845,71	1423,34
845,88	1523,69
846,06	1566,70
846,23	1441,77
846,40	1456,11
846,57	1488,87
846,74	1515,50
846,91	1533,93
847,09	1449,96
847,26	1484,78
847,43	1521,64
847,60	1515,50
847,77	1456,11
847,94	1513,45
848,12	1447,91
848,29	1480,68
848,46	1474,54
848,63	1507,30
848,80	1458,15
848,97	1595,37
849,15	1605,61
849,32	1505,26
849,49	1480,68
849,66	1505,26
849,83	1449,96
850,00	1517,54
850,17	1507,30
850,35	1525,74
850,52	1513,45
850,69	1449,96
850,86	1521,64
851,03	1505,26
851,20	1439,72
851,37	1591,27
851,55	1505,26
851,72	1398,76
851,89	1558,50
852,06	1439,72
852,23	1521,64
852,40	1456,11
852,57	1480,68
852,74	1531,88
852,92	1456,11
853,09	1431,53
853,26	1507,30
853,43	1513,45
853,60	1390,57
853,77	1488,87
853,94	1423,34
854,11	1484,78
854,28	1869,80
854,45	1558,50
854,63	1447,91
854,80	1441,77
854,97	1564,65
855,14	1464,30
855,31	1531,88
855,48	1431,53
855,65	1458,15
855,82	1490,92
855,99	1415,15
856,16	1464,30
856,33	1572,84
856,50	1484,78
856,68	1411,05
856,85	1562,60
857,02	1431,53
857,19	1443,82
857,36	1488,87
857,53	1480,68
857,70	1466,35
857,87	1488,87
858,04	1406,95
858,21	1488,87
858,38	1482,73
858,55	1570,79
858,72	1505,26
858,89	1472,49
859,06	1572,84
859,23	1562,60
859,40	1523,69
859,58	1497,07
859,75	1415,15
859,92	1570,79
860,09	1624,04
860,26	1447,91
860,43	1415,15
860,60	1447,91
860,77	1484,78
860,94	1382,38
861,11	1509,35
861,28	1523,69
861,45	1556,46
861,62	1464,30
861,79	1509,35
861,96	1472,49
862,13	1490,92
862,30	1505,26
862,47	1423,34
862,64	1640,42
862,81	1439,72
862,98	1447,91
863,15	1480,68
863,32	1546,22
863,49	1570,79
863,66	1464,30
863,83	1513,45
864,00	1425,39
864,17	1554,41
864,34	1447,91
864,51	1548,26
864,68	1499,11
864,85	1521,64
865,02	1517,54
865,19	1521,64
865,36	1529,83
865,53	1464,30
865,70	1507,30
865,87	1497,07
866,04	1488,87
866,21	1519,59
866,38	1570,79
866,55	1433,58
866,72	1392,62
866,89	1538,02
867,06	1439,72
867,23	1431,53
867,40	1480,68
867,57	1554,41
867,73	1525,74
867,90	1521,64
868,07	1497,07
868,24	1431,53
868,41	1519,59
868,58	1431,53
868,75	1456,11
868,92	1542,12
869,09	1464,30
869,26	1458,15
869,43	1472,49
869,60	1415,15
869,77	1484,78
869,94	1593,32
870,11	1591,27
870,28	1521,64
870,45	1476,59
870,61	1443,82
870,78	1484,78
870,95	1525,74
871,12	1492,97
871,29	1464,30
871,46	1531,88
871,63	1464,30
871,80	1501,16
871,97	1480,68
872,14	1562,60
872,31	1488,87
872,47	1466,35
872,64	1490,92
872,81	1499,11
872,98	1505,26
873,15	1521,64
873,32	1546,22
873,49	1488,87
873,66	1578,98
873,83	1501,16
874,00	1521,64
874,16	1484,78
874,33	1398,76
874,50	1443,82
874,67	1499,11
874,84	1533,93
875,01	1505,26
875,18	1366,00
875,35	1441,77
875,51	1447,91
875,68	1521,64
875,85	1456,11
876,02	1497,07
876,19	1538,02
876,36	1570,79
876,53	1548,26
876,69	1476,59
876,86	1595,37
877,03	1425,39
877,20	1515,50
877,37	1482,73
877,54	1480,68
877,71	1515,50
877,87	1521,64
878,04	1566,70
878,21	1439,72
878,38	1509,35
878,55	1515,50
878,72	1466,35
878,88	1505,26
879,05	1613,80
879,22	1421,29
879,39	1472,49
879,56	1513,45
879,73	1572,84
879,89	1497,07
880,06	1591,27
880,23	1542,12
880,40	1505,26
880,57	1472,49
880,74	1497,07
880,90	1411,05
881,07	1472,49
881,24	1538,02
881,41	1507,30
881,58	1497,07
881,74	1497,07
881,91	1554,41
882,08	1382,38
882,25	1595,37
882,42	1515,50
882,58	1703,91
882,75	1515,50
882,92	1480,68
883,09	1546,22
883,26	1538,02
883,42	1531,88
883,59	1515,50
883,76	1439,72
883,93	1464,30
884,09	1499,11
884,26	1595,37
884,43	1460,20
884,60	1488,87
884,77	1480,68
884,93	1513,45
885,10	1554,41
885,27	1550,31
885,44	1654,76
885,60	1597,42
885,77	1587,18
885,94	1574,89
886,11	1589,22
886,27	1486,83
886,44	1529,83
886,61	1531,88
886,78	1490,92
886,94	1456,11
887,11	1521,64
887,28	1474,54
887,45	1419,24
887,61	1521,64
887,78	1492,97
887,95	1433,58
888,12	1546,22
888,28	1490,92
888,45	1488,87
888,62	1472,49
888,78	1488,87
888,95	1529,83
889,12	1409,00
889,29	1484,78
889,45	1460,20
889,62	1523,69
889,79	1603,56
889,95	1464,30
890,12	1509,35
890,29	1509,35
890,46	1517,54
890,62	1503,21
