178,13	1214,45
178,35	1214,45
178,57	1214,45
178,78	1210,35
179,00	1210,35
179,22	1417,19
179,44	1480,68
179,66	1353,71
179,87	1415,15
180,09	1411,05
180,31	1476,59
180,53	1464,30
180,75	1366,00
180,96	1449,96
181,18	1435,63
181,40	1386,47
181,62	1415,15
181,84	1374,19
182,05	1523,69
182,27	1386,47
182,49	1443,82
182,71	1406,95
182,92	1472,49
183,14	1415,15
183,36	1386,47
183,58	1423,34
183,80	1505,26
184,01	1411,05
184,23	1441,77
184,45	1554,41
184,67	1435,63
184,89	1499,11
185,10	1447,91
185,32	1382,38
185,54	1415,15
185,76	1415,15
185,97	1431,53
186,19	1480,68
186,41	1406,95
186,63	1468,39
186,84	1433,58
187,06	1409,00
187,28	1486,83
187,50	1368,04
187,72	1464,30
187,93	1538,02
188,15	1374,19
188,37	1398,76
188,59	1415,15
188,80	1499,11
189,02	1441,77
189,24	1374,19
189,46	1464,30
189,67	1509,35
189,89	1423,34
190,11	1441,77
190,33	1497,07
190,54	1490,92
190,76	1538,02
190,98	1443,82
191,20	1398,76
191,41	1396,71
191,63	1497,07
191,85	1415,15
192,07	1474,54
192,28	1431,53
192,50	1456,11
192,72	1398,76
192,94	1525,74
193,15	1484,78
193,37	1505,26
193,59	1548,26
193,81	1499,11
194,02	1482,73
194,24	1480,68
194,46	1447,91
194,67	1441,77
194,89	1376,24
195,11	1458,15
195,33	1472,49
195,54	1513,45
195,76	1406,95
195,98	1431,53
196,20	1366,00
196,41	1476,59
196,63	1458,15
196,85	1572,84
197,06	1370,09
197,28	1431,53
197,50	1359,85
197,72	1415,15
197,93	1433,58
198,15	1482,73
198,37	1382,38
198,58	1411,05
198,80	1425,39
199,02	1447,91
199,24	1341,42
199,45	1439,72
199,67	1439,72
199,89	1439,72
200,10	1402,86
200,32	1275,88
200,54	1415,15
200,76	1433,58
200,97	1515,50
201,19	1349,61
201,41	1423,34
201,62	1398,76
201,84	1415,15
202,06	1480,68
202,28	1431,53
202,49	1464,30
202,71	1482,73
202,93	1472,49
203,14	1372,14
203,36	1472,49
203,58	1392,62
203,79	1398,76
204,01	1452,01
204,23	1439,72
204,44	1509,35
204,66	1439,72
204,88	1546,22
205,10	1384,43
205,31	1409,00
205,53	1472,49
205,75	1415,15
205,96	1415,15
206,18	1447,91
206,40	1441,77
206,61	1349,61
206,83	1341,42
207,05	1357,80
207,26	1394,67
207,48	1427,43
207,70	1423,34
207,91	1439,72
208,13	1392,62
208,35	1439,72
208,56	1335,28
208,78	1443,82
209,00	1417,19
209,21	1431,53
209,43	1452,01
209,65	1445,87
209,86	1447,91
210,08	1398,76
210,30	1443,82
210,51	1441,77
210,73	1431,53
210,95	1398,76
211,16	1411,05
211,38	1366,00
211,60	1325,04
211,81	1433,58
212,03	1468,39
212,25	1472,49
212,46	1466,35
212,68	1538,02
212,90	1398,76
213,11	1382,38
213,33	1468,39
213,55	1523,69
213,76	1529,83
213,98	1447,91
214,20	1441,77
214,41	1398,76
214,63	1480,68
214,84	1456,11
215,06	1400,81
215,28	1454,06
215,49	1523,69
215,71	1497,07
215,93	1458,15
216,14	1357,80
216,36	1472,49
216,58	1419,24
216,79	1415,15
217,01	1513,45
217,22	1318,89
217,44	1619,94
217,66	1482,73
217,87	1490,92
218,09	1398,76
218,31	1349,61
218,52	1398,76
218,74	1427,43
218,95	1447,91
219,17	1413,10
219,39	1378,28
219,60	1390,57
219,82	1390,57
220,04	1509,35
220,25	1529,83
220,47	1415,15
220,68	1427,43
220,90	1488,87
221,12	1464,30
221,33	1335,28
221,55	1472,49
221,77	1390,57
221,98	1472,49
222,20	1382,38
222,41	1441,77
222,63	1382,38
222,85	1458,15
223,06	1402,86
223,28	1431,53
223,49	1413,10
223,71	1497,07
223,93	1488,87
224,14	1542,12
224,36	1490,92
224,57	1456,11
224,79	1423,34
225,01	1427,43
225,22	1454,06
225,44	1384,43
225,65	1409,00
225,87	1466,35
226,09	1374,19
226,30	1497,07
226,52	1415,15
226,73	1382,38
226,95	1578,98
227,17	1505,26
227,38	1435,63
227,60	1468,39
227,81	1368,04
228,03	1398,76
228,24	1452,01
228,46	1443,82
228,68	1415,15
228,89	1423,34
229,11	1398,76
229,32	1460,20
229,54	1390,57
229,75	1505,26
229,97	1409,00
230,19	1415,15
230,40	1439,72
230,62	1398,76
230,83	1431,53
231,05	1439,72
231,26	1398,76
231,48	1423,34
231,70	1501,16
231,91	1398,76
232,13	1509,35
232,34	1499,11
232,56	1443,82
232,77	1439,72
232,99	1484,78
233,21	1628,14
233,42	1316,84
233,64	1587,18
233,85	1368,04
234,07	1439,72
234,28	1484,78
234,50	1425,39
234,71	1529,83
234,93	1458,15
235,15	1464,30
235,36	1366,00
235,58	1386,47
235,79	1415,15
236,01	1409,00
236,22	1472,49
236,44	1505,26
236,65	1423,34
236,87	1499,11
237,08	1482,73
237,30	1384,43
237,52	1447,91
237,73	1425,39
237,95	1474,54
238,16	1357,80
238,38	1456,11
238,59	1402,86
238,81	1492,97
239,02	1406,95
239,24	1464,30
239,45	1415,15
239,67	1464,30
239,88	1492,97
240,10	1476,59
240,31	1439,72
240,53	1431,53
240,74	1443,82
240,96	1513,45
241,18	1447,91
241,39	1447,91
241,61	1396,71
241,82	1382,38
242,04	1374,19
242,25	1476,59
242,47	1308,65
242,68	1513,45
242,90	1523,69
243,11	1349,61
243,33	1464,30
243,54	1521,64
243,76	1366,00
243,97	1578,98
244,19	1433,58
244,40	1427,43
244,62	1390,57
244,83	1390,57
245,05	1447,91
245,26	1376,24
245,48	1447,91
245,69	1484,78
245,91	1423,34
246,12	1351,66
246,34	1497,07
246,55	1456,11
246,77	1374,19
246,98	1464,30
247,20	1431,53
247,41	1480,68
247,63	1447,91
247,84	1433,58
248,06	1529,83
248,27	1361,90
248,49	1439,72
248,70	1415,15
248,92	1357,80
249,13	1435,63
249,35	1439,72
249,56	1452,01
249,78	1343,47
249,99	1415,15
250,21	1480,68
250,42	1398,76
250,64	1513,45
250,85	1413,10
251,06	1488,87
251,28	1390,57
251,49	1464,30
251,71	1447,91
251,92	1390,57
252,14	1488,87
252,35	1349,61
252,57	1378,28
252,78	1501,16
253,00	1415,15
253,21	1359,85
253,43	1472,49
253,64	1404,91
253,86	1423,34
254,07	1386,47
254,28	1376,24
254,50	1464,30
254,71	1492,97
254,93	1382,38
255,14	1398,76
255,36	1378,28
255,57	1488,87
255,79	1415,15
256,00	1423,34
256,22	1431,53
256,43	1529,83
256,64	1497,07
256,86	1501,16
257,07	1460,20
257,29	1484,78
257,50	1411,05
257,72	1449,96
257,93	1361,90
258,15	1464,30
258,36	1351,66
258,57	1447,91
258,79	1513,45
259,00	1366,00
259,22	1378,28
259,43	1415,15
259,65	1456,11
259,86	1374,19
260,08	1325,04
260,29	1660,90
260,50	1400,81
260,72	1660,90
260,93	1439,72
261,15	1409,00
261,36	1441,77
261,58	1349,61
261,79	1439,72
262,00	1474,54
262,22	1648,61
262,43	1456,11
262,65	1447,91
262,86	1452,01
263,07	1464,30
263,29	1488,87
263,50	1509,35
263,72	1441,77
263,93	1349,61
264,15	1400,81
264,36	1402,86
264,57	1380,33
264,79	1484,78
265,00	1431,53
265,22	1398,76
265,43	1456,11
265,64	1394,67
265,86	1372,14
266,07	1392,62
266,29	1435,63
266,50	1390,57
266,71	1480,68
266,93	1417,19
267,14	1425,39
267,36	1415,15
267,57	1474,54
267,78	1378,28
268,00	1476,59
268,21	1513,45
268,43	1472,49
268,64	1390,57
268,85	1366,00
269,07	1384,43
269,28	1431,53
269,50	1378,28
269,71	1374,19
269,92	1488,87
270,14	1406,95
270,35	1353,71
270,56	1499,11
270,78	1433,58
270,99	1423,34
271,21	1409,00
271,42	1447,91
271,63	1480,68
271,85	1456,11
272,06	1390,57
272,27	1447,91
272,49	1449,96
272,70	1394,67
272,92	1529,83
273,13	1497,07
273,34	1441,77
273,56	1409,00
273,77	1525,74
273,98	1456,11
274,20	1492,97
274,41	1409,00
274,63	1464,30
274,84	1333,23
275,05	1415,15
275,27	1382,38
275,48	1406,95
275,69	1480,68
275,91	1452,01
276,12	1460,20
276,33	1441,77
276,55	1456,11
276,76	1374,19
276,97	1515,50
277,19	1540,07
277,40	1345,52
277,61	1488,87
277,83	1468,39
278,04	1456,11
278,26	1427,43
278,47	1445,87
278,68	1431,53
278,90	1472,49
279,11	1402,86
279,32	1368,04
279,54	1460,20
279,75	1415,15
279,96	1425,39
280,18	1423,34
280,39	1505,26
280,60	1384,43
280,82	1484,78
281,03	1400,81
281,24	1540,07
281,46	1439,72
281,67	1488,87
281,88	1384,43
282,10	1406,95
282,31	1406,95
282,52	1441,77
282,74	1376,24
282,95	1538,02
283,16	1392,62
283,37	1406,95
283,59	1447,91
283,80	1513,45
284,01	1578,98
284,23	1382,38
284,44	1425,39
284,65	1542,12
284,87	1425,39
285,08	1562,60
285,29	1499,11
285,51	1472,49
285,72	1433,58
285,93	1488,87
286,15	1402,86
286,36	1435,63
286,57	1441,77
286,78	1382,38
287,00	1337,32
287,21	1406,95
287,42	1488,87
287,64	1361,90
287,85	1447,91
288,06	1423,34
288,28	1513,45
288,49	1341,42
288,70	1439,72
288,91	1480,68
289,13	1466,35
289,34	1482,73
289,55	1361,90
289,77	1439,72
289,98	1480,68
290,19	1515,50
290,40	1396,71
290,62	1447,91
290,83	1374,19
291,04	1406,95
291,26	1325,04
291,47	1411,05
291,68	1490,92
291,89	1427,43
292,11	1452,01
292,32	1480,68
292,53	1517,54
292,74	1423,34
292,96	1406,95
293,17	1439,72
293,38	1415,15
293,60	1472,49
293,81	1384,43
294,02	1357,80
294,23	1456,11
294,45	1431,53
294,66	1505,26
294,87	1466,35
295,08	1335,28
295,30	1521,64
295,51	1433,58
295,72	1423,34
295,93	1452,01
296,15	1505,26
296,36	1505,26
296,57	1546,22
296,78	1464,30
297,00	1464,30
297,21	1300,46
297,42	1468,39
297,63	1431,53
297,85	1427,43
298,06	1433,58
298,27	1398,76
298,48	1431,53
298,70	1431,53
298,91	1619,94
299,12	1341,42
299,33	1447,91
299,55	1431,53
299,76	1376,24
299,97	1482,73
300,18	1376,24
300,40	1392,62
300,61	1439,72
300,82	1398,76
301,03	1398,76
301,24	1456,11
301,46	1431,53
301,67	1439,72
301,88	1409,00
302,09	1447,91
302,31	1447,91
302,52	1398,76
302,73	1538,02
302,94	1415,15
303,15	1464,30
303,37	1415,15
303,58	1392,62
303,79	1447,91
304,00	1529,83
304,22	1490,92
304,43	1499,11
304,64	1398,76
304,85	1423,34
305,06	1478,63
305,28	1439,72
305,49	1490,92
305,70	1523,69
305,91	1349,61
306,12	1505,26
306,34	1398,76
306,55	1406,95
306,76	1439,72
306,97	1538,02
307,18	1423,34
307,40	1402,86
307,61	1431,53
307,82	1423,34
308,03	1449,96
308,24	1417,19
308,46	1439,72
308,67	1382,38
308,88	1439,72
309,09	1546,22
309,30	1386,47
309,52	1464,30
309,73	1449,96
309,94	1355,76
310,15	1452,01
310,36	1497,07
310,57	1460,20
310,79	1390,57
311,00	1392,62
311,21	1392,62
311,42	1531,88
311,63	1456,11
311,85	1433,58
312,06	1464,30
312,27	1441,77
312,48	1472,49
312,69	1359,85
312,90	1523,69
313,12	1376,24
313,33	1415,15
313,54	1570,79
313,75	1425,39
313,96	1513,45
314,17	1368,04
314,39	1374,19
314,60	1480,68
314,81	1472,49
315,02	1351,66
315,23	1400,81
315,44	1359,85
315,65	1458,15
315,87	1398,76
316,08	1415,15
316,29	1417,19
316,50	1402,86
316,71	1423,34
316,92	1441,77
317,14	1337,32
317,35	1327,08
317,56	1499,11
317,77	1425,39
317,98	1513,45
318,19	1488,87
318,40	1400,81
318,62	1480,68
318,83	1472,49
319,04	1449,96
319,25	1472,49
319,46	1556,46
319,67	1456,11
319,88	1499,11
320,09	1505,26
320,31	1441,77
320,52	1472,49
320,73	1505,26
320,94	1382,38
321,15	1431,53
321,36	1409,00
321,57	1513,45
321,78	1505,26
322,00	1488,87
322,21	1423,34
322,42	1394,67
322,63	1476,59
322,84	1435,63
323,05	1341,42
323,26	1439,72
323,47	1505,26
323,69	1456,11
323,90	1400,81
324,11	1382,38
324,32	1538,02
324,53	1456,11
324,74	1482,73
324,95	1456,11
325,16	1433,58
325,37	1349,61
325,59	1333,23
325,80	1523,69
326,01	1335,28
326,22	1513,45
326,43	1427,43
326,64	1521,64
326,85	1456,11
327,06	1423,34
327,27	1406,95
327,48	1480,68
327,69	1554,41
327,91	1466,35
328,12	1382,38
328,33	1349,61
328,54	1411,05
328,75	1497,07
328,96	1488,87
329,17	1505,26
329,38	1505,26
329,59	1378,28
329,80	1802,21
330,01	1497,07
330,23	1417,19
330,44	1466,35
330,65	1406,95
330,86	1488,87
331,07	1394,67
331,28	1488,87
331,49	1370,09
331,70	1464,30
331,91	1327,08
332,12	1411,05
332,33	1419,24
332,54	1423,34
332,75	1517,54
332,96	1417,19
333,17	1449,96
333,39	1472,49
333,60	1406,95
333,81	1456,11
334,02	1505,26
334,23	1433,58
334,44	1390,57
334,65	1394,67
334,86	1390,57
335,07	1456,11
335,28	1390,57
335,49	1521,64
335,70	1417,19
335,91	1456,11
336,12	1480,68
336,33	1497,07
336,54	1447,91
336,75	1486,83
336,96	1488,87
337,17	1458,15
337,39	1378,28
337,60	1449,96
337,81	1409,00
338,02	1488,87
338,23	1415,15
338,44	1384,43
338,65	1402,86
338,86	1505,26
339,07	1425,39
339,28	1456,11
339,49	1484,78
339,70	1464,30
339,91	1445,87
340,12	1484,78
340,33	1406,95
340,54	1439,72
340,75	1447,91
340,96	1384,43
341,17	1447,91
341,38	1435,63
341,59	1447,91
341,80	1570,79
342,01	1439,72
342,22	1460,20
342,43	1382,38
342,64	1439,72
342,85	1449,96
343,06	1464,30
343,27	1409,00
343,48	1376,24
343,69	1368,04
343,90	1400,81
344,11	1417,19
344,32	1439,72
344,53	1415,15
344,74	1476,59
344,95	1400,81
345,16	1398,76
345,37	1419,24
345,58	1441,77
345,79	1384,43
346,00	1509,35
346,21	1333,23
346,42	1402,86
346,63	1357,80
346,84	1456,11
347,05	1341,42
347,26	1398,76
347,47	1447,91
347,68	1456,11
347,89	1458,15
348,10	1419,24
348,31	1431,53
348,52	1398,76
348,73	1464,30
348,94	1382,38
349,15	1570,79
349,36	1456,11
349,57	1390,57
349,78	1466,35
349,99	1464,30
350,20	1456,11
350,41	1406,95
350,62	1318,89
350,83	1423,34
351,04	1406,95
351,25	1406,95
351,46	1499,11
351,67	1417,19
351,88	1406,95
352,09	1419,24
352,30	1505,26
352,50	1439,72
352,71	1386,47
352,92	1423,34
353,13	1398,76
353,34	1398,76
353,55	1447,91
353,76	1458,15
353,97	1441,77
354,18	1406,95
354,39	1400,81
354,60	1458,15
354,81	1349,61
355,02	1542,12
355,23	1497,07
355,44	1415,15
355,65	1431,53
355,86	1382,38
356,07	1513,45
356,28	1464,30
356,48	1433,58
356,69	1443,82
356,90	1382,38
357,11	1359,85
357,32	1439,72
357,53	1480,68
357,74	1417,19
357,95	1464,30
358,16	1480,68
358,37	1409,00
358,58	1409,00
358,79	1390,57
359,00	1394,67
359,21	1431,53
359,41	1447,91
359,62	1525,74
359,83	1417,19
360,04	1372,14
360,25	1519,59
360,46	1406,95
360,67	1406,95
360,88	1384,43
361,09	1433,58
361,30	1402,86
361,51	1468,39
361,72	1415,15
361,92	1513,45
362,13	1398,76
362,34	1398,76
362,55	1456,11
362,76	1333,23
362,97	1443,82
363,18	1488,87
363,39	1452,01
363,60	1415,15
363,81	1357,80
364,01	1425,39
364,22	1439,72
364,43	1441,77
364,64	1439,72
364,85	1480,68
365,06	1361,90
365,27	1441,77
365,48	1431,53
365,69	1423,34
365,89	1402,86
366,10	1505,26
366,31	1464,30
366,52	1480,68
366,73	1431,53
366,94	1531,88
367,15	1427,43
367,36	1447,91
367,57	1531,88
367,77	1480,68
367,98	1531,88
368,19	1435,63
368,40	1439,72
368,61	1466,35
368,82	1435,63
369,03	1398,76
369,23	1619,94
369,44	1427,43
369,65	1390,57
369,86	1488,87
370,07	1456,11
370,28	1427,43
370,49	1488,87
370,70	1439,72
370,90	1406,95
371,11	1349,61
371,32	1443,82
371,53	1464,30
371,74	1390,57
371,95	1505,26
372,16	1427,43
372,36	1452,01
372,57	1439,72
372,78	1468,39
372,99	1445,87
373,20	1488,87
373,41	1345,52
373,61	1468,39
373,82	1476,59
374,03	1423,34
374,24	1464,30
374,45	1468,39
374,66	1359,85
374,86	1540,07
375,07	1419,24
375,28	1523,69
375,49	1402,86
375,70	1423,34
375,91	1417,19
376,11	1456,11
376,32	1390,57
376,53	1472,49
376,74	1542,12
376,95	1857,51
377,16	1509,35
377,36	1388,52
377,57	1542,12
377,78	1398,76
377,99	1515,50
378,20	1415,15
378,40	1470,44
378,61	1515,50
378,82	1472,49
379,03	1472,49
379,24	1527,78
379,45	1378,28
379,65	1449,96
379,86	1466,35
380,07	1378,28
380,28	1402,86
380,49	1468,39
380,69	1564,65
380,90	1529,83
381,11	1425,39
381,32	1439,72
381,53	1490,92
381,73	1431,53
381,94	1456,11
382,15	1480,68
382,36	1452,01
382,57	1468,39
382,77	1359,85
382,98	1456,11
383,19	1415,15
383,40	1480,68
383,60	1521,64
383,81	1423,34
384,02	1480,68
384,23	1501,16
384,44	1431,53
384,64	1370,09
384,85	1449,96
385,06	1439,72
385,27	1435,63
385,48	1431,53
385,68	1390,57
385,89	1439,72
386,10	1392,62
386,31	1456,11
386,51	1415,15
386,72	1454,06
386,93	1439,72
387,14	1458,15
387,34	1359,85
387,55	1398,76
387,76	1441,77
387,97	1374,19
388,17	1476,59
388,38	1429,48
388,59	1415,15
388,80	1415,15
389,01	1456,11
389,21	1390,57
389,42	1578,98
389,63	1464,30
389,84	1392,62
390,04	1488,87
390,25	1449,96
390,46	1554,41
390,67	1394,67
390,87	1398,76
391,08	1488,87
391,29	1333,23
391,49	1456,11
391,70	1406,95
391,91	1386,47
392,12	1431,53
392,32	1349,61
392,53	1480,68
392,74	1497,07
392,95	1386,47
393,15	1449,96
393,36	1333,23
393,57	1449,96
393,78	1452,01
393,98	1505,26
394,19	1427,43
394,40	1554,41
394,60	1437,67
394,81	1490,92
395,02	1370,09
395,23	1456,11
395,43	1484,78
395,64	1523,69
395,85	1431,53
396,06	1378,28
396,26	1433,58
396,47	1423,34
396,68	1327,08
396,88	1456,11
397,09	1384,43
397,30	1474,54
397,50	1423,34
397,71	1431,53
397,92	1521,64
398,13	1464,30
398,33	1386,47
398,54	1562,60
398,75	1366,00
398,95	1564,65
399,16	1529,83
399,37	1415,15
399,57	1480,68
399,78	1480,68
399,99	1497,07
400,20	1591,27
400,40	1425,39
400,61	1417,19
400,82	1433,58
401,02	1521,64
401,23	1480,68
401,44	1406,95
401,64	1472,49
401,85	1452,01
402,06	1443,82
402,26	1482,73
402,47	1439,72
402,68	1603,56
402,88	1357,80
403,09	1505,26
403,30	1529,83
403,50	1366,00
403,71	1570,79
403,92	1431,53
404,12	1374,19
404,33	1456,11
404,54	1484,78
404,74	1456,11
404,95	1480,68
405,16	1480,68
405,36	1452,01
405,57	1400,81
405,78	1497,07
405,98	1406,95
406,19	1390,57
406,40	1456,11
406,60	1433,58
406,81	1366,00
407,02	1466,35
407,22	1341,42
407,43	1327,08
407,64	1456,11
407,84	1452,01
408,05	1402,86
408,26	1492,97
408,46	1474,54
408,67	1544,17
408,87	1368,04
409,08	1456,11
409,29	1443,82
409,49	1368,04
409,70	1468,39
409,91	1499,11
410,11	1433,58
410,32	1431,53
410,53	1304,56
410,73	1425,39
410,94	1406,95
411,14	1492,97
411,35	1472,49
411,56	1482,73
411,76	1554,41
411,97	1466,35
412,18	1441,77
412,38	1419,24
412,59	1492,97
412,79	1337,32
413,00	1497,07
413,21	1480,68
413,41	1482,73
413,62	1456,11
413,82	1390,57
414,03	1464,30
414,24	1505,26
414,44	1423,34
414,65	1488,87
414,86	1419,24
415,06	1521,64
415,27	1476,59
415,47	1441,77
415,68	1456,11
415,89	1466,35
416,09	1431,53
416,30	1472,49
416,50	1464,30
416,71	1540,07
416,92	1447,91
417,12	1574,89
417,33	1464,30
417,53	1452,01
417,74	1488,87
417,94	1521,64
418,15	1466,35
418,36	1529,83
418,56	1398,76
418,77	1587,18
418,97	1488,87
419,18	1587,18
419,39	1505,26
419,59	1589,22
419,80	1570,79
420,00	1458,15
420,21	1509,35
420,41	1652,71
420,62	1636,33
420,83	1562,60
421,03	1548,26
421,24	1669,09
421,44	1611,75
421,65	1521,64
421,85	1685,48
422,06	1570,79
422,27	1783,78
422,47	1720,29
422,68	1693,67
422,88	1736,68
423,09	1632,23
423,29	1734,63
423,50	1701,86
423,70	1685,48
423,91	1787,88
424,12	1794,02
424,32	1802,21
424,53	1857,51
424,73	1898,47
424,94	1925,09
425,14	1906,66
425,35	1851,36
425,55	1939,43
425,76	1984,48
425,96	1998,82
426,17	2029,54
426,37	2050,02
426,58	2086,88
426,79	2037,73
426,99	2226,14
427,20	2168,80
427,40	2226,14
427,61	2258,91
427,81	2193,37
428,02	2295,77
428,22	2373,60
428,43	2398,17
428,63	2367,45
428,84	2406,36
429,04	2369,50
429,25	2504,67
429,45	2670,55
429,66	2602,97
429,86	2529,24
430,07	2643,93
430,27	2660,31
430,48	2838,48
430,68	2869,20
430,89	2983,89
431,09	2881,49
431,30	2885,59
431,50	3135,44
431,71	3176,40
431,91	3192,78
432,12	3327,95
432,32	3381,20
432,53	3262,41
432,73	3448,78
432,94	3571,66
433,14	3651,53
433,35	3766,21
433,55	3956,68
433,76	3839,94
433,96	4134,85
434,17	4235,20
434,37	4216,77
434,58	4253,63
434,78	4585,40
434,99	4720,57
435,19	4626,36
435,40	4798,39
435,60	4849,59
435,81	5103,54
436,01	5224,37
436,22	5257,14
436,42	5314,48
436,63	5560,24
436,83	5691,31
437,04	5986,21
437,24	6023,08
437,45	6231,97
437,65	6150,05
437,86	6543,26
438,06	6657,95
438,26	6895,51
438,47	6825,88
438,67	7487,37
438,88	7241,62
439,08	7452,56
439,29	7880,58
439,49	7878,54
439,70	8157,06
439,90	8206,21
440,11	8822,65
440,31	9043,83
440,52	8939,38
440,72	9406,32
440,92	9199,48
441,13	9660,27
441,33	9957,22
441,54	10565,47
441,74	10688,35
441,95	10698,59
442,15	11337,56
442,36	11151,19
442,56	11607,89
442,76	12023,62
442,97	12293,96
443,17	12253,00
443,38	13047,61
443,58	13137,72
443,79	13182,77
443,99	14079,79
444,19	14481,19
444,40	14704,42
444,60	15157,02
444,81	15253,27
445,01	16135,95
445,22	15841,04
445,42	16860,93
445,62	17008,38
445,83	17798,90
446,03	17946,35
446,24	18708,19
446,44	19797,71
446,64	20190,92
446,85	19896,02
447,05	21036,74
447,26	21620,41
447,46	22492,84
447,67	23350,94
447,87	23840,40
448,07	25523,83
448,28	25691,77
448,48	25974,39
448,69	26244,72
448,89	27319,90
449,09	28399,18
449,30	29457,98
449,50	31495,71
449,71	31378,98
449,91	33461,76
450,11	33218,05
450,32	33992,19
450,52	34543,09
450,72	36947,40
450,93	36906,44
451,13	38047,16
451,34	39136,68
451,54	41264,52
451,74	41434,50
451,95	41977,22
452,15	42634,61
452,36	43609,45
452,56	46718,26
452,76	45641,03
452,97	47793,45
453,17	51305,71
453,37	49749,26
453,58	51756,27
453,78	53834,95
453,98	53388,50
454,19	53716,17
454,39	54015,18
454,60	56624,29
454,80	56001,71
455,00	58125,45
455,21	55954,60
455,41	60783,71
455,61	58762,37
455,82	60370,02
456,02	58926,20
456,22	60464,23
456,43	60429,41
456,63	62587,97
456,84	64271,40
457,04	63417,40
457,24	62145,61
457,45	63859,76
457,65	65143,84
457,85	64953,38
458,06	64017,46
458,26	63145,02
458,46	64203,82
458,67	64986,14
458,87	63042,62
459,07	62098,51
459,28	61807,70
459,48	62032,97
459,68	61480,02
459,89	61310,04
460,09	61537,36
460,29	61910,10
460,50	58518,66
460,70	59458,68
460,90	58684,54
461,11	58827,90
461,31	57912,46
461,51	57011,35
461,72	56618,14
461,92	56269,99
462,12	52311,27
462,32	51862,76
462,53	53882,06
462,73	51657,96
462,93	51633,39
463,14	49493,26
463,34	47322,41
463,54	46998,83
463,75	46200,13
463,95	46878,00
464,15	46347,58
464,36	46429,50
464,56	43574,63
464,76	43464,04
464,96	42208,64
465,17	41958,78
465,37	40496,53
465,57	41115,02
465,78	41209,23
465,98	38569,40
466,18	39646,63
466,39	37670,34
466,59	38925,74
466,79	37721,54
466,99	37787,07
467,20	37449,16
467,40	35896,80
467,60	35352,04
467,81	34952,68
468,01	35790,30
468,21	34622,96
468,41	34180,60
468,62	33494,53
468,82	33152,52
469,02	33037,83
469,22	33017,35
469,43	32101,91
469,63	32837,13
469,83	32726,54
470,04	32648,72
470,24	31792,67
470,44	31817,24
470,64	31979,03
470,85	30428,72
471,05	29875,77
471,25	29767,23
471,45	29873,72
471,66	30037,56
471,86	29673,02
472,06	29924,92
472,26	29163,08
472,47	28083,80
472,67	28374,61
472,87	29009,48
473,07	27305,57
473,28	26619,50
473,48	26490,48
473,68	26203,76
473,88	26424,94
474,09	26142,32
474,29	25597,56
474,49	25163,39
474,69	25114,24
474,90	24997,51
475,10	23848,60
475,30	24616,58
475,50	23996,05
475,70	23236,25
475,91	23226,01
476,11	22738,60
476,31	22822,56
476,51	21829,30
476,72	22005,42
476,92	21173,95
477,12	21468,86
477,32	20342,47
477,53	20530,89
477,73	19723,99
477,93	19543,77
478,13	19259,10
478,33	18659,04
478,54	18448,10
478,74	18265,83
478,94	17645,30
479,14	17839,86
479,34	16811,78
479,55	17024,76
479,75	16420,61
479,95	16574,21
480,15	16326,41
480,35	16113,42
480,56	15283,99
480,76	15415,06
480,96	15148,82
481,16	14825,25
481,36	14231,33
481,57	13961,00
481,77	13563,70
481,97	13715,25
482,17	13350,71
482,37	13285,17
482,58	13160,25
482,78	12435,27
482,98	12496,71
483,18	12279,62
483,38	12083,02
483,58	11704,14
483,79	11722,57
483,99	11517,78
484,19	11409,23
484,39	11163,48
484,59	11132,76
484,80	11114,33
485,00	10561,37
485,20	10389,35
485,40	10327,91
485,60	10340,19
485,80	9996,14
486,01	9926,50
486,21	9647,98
486,41	9764,72
486,61	9598,83
486,81	9365,36
487,01	9123,70
487,22	9140,08
487,42	8929,14
487,62	8630,14
487,82	8765,31
488,02	8509,31
488,22	8615,80
488,42	8445,82
488,63	8247,17
488,83	7987,08
489,03	8118,15
489,23	8140,68
489,43	7788,43
489,63	7731,08
489,83	7477,13
490,04	7497,61
490,24	7255,95
490,44	7083,92
490,64	7163,79
490,84	6918,04
491,04	6997,91
491,24	6815,64
491,44	6627,23
491,65	6555,55
491,85	6399,90
492,05	6354,85
492,25	6373,28
492,45	6117,28
492,65	6137,76
492,85	6059,94
493,05	5978,02
493,26	5740,46
493,46	5834,66
493,66	5595,05
493,86	5322,67
494,06	5382,06
494,26	5408,69
494,46	5158,83
494,66	5109,68
494,86	5005,24
495,07	5038,00
495,27	4767,67
495,47	4896,69
495,67	4782,01
495,87	4642,75
496,07	4609,98
496,27	4480,96
496,47	4405,18
496,67	4349,89
496,87	4356,03
497,08	4200,38
497,28	4194,24
497,48	4093,89
497,68	4011,97
497,88	4069,31
498,08	3987,40
498,28	3971,01
498,48	3921,86
498,68	3774,41
498,88	3655,62
499,08	3782,60
499,29	3637,19
499,49	3602,38
499,69	3463,12
499,89	3495,88
500,09	3471,31
500,29	3416,01
500,49	3481,55
500,69	3446,73
500,89	3160,02
501,09	3119,06
501,29	3119,06
501,49	3078,10
501,69	3045,33
501,89	2981,84
502,09	3200,98
502,30	2967,51
502,50	3045,33
502,70	2856,92
502,90	2869,20
503,10	2832,34
503,30	2736,09
503,50	2725,85
503,70	2832,34
503,90	2914,26
504,10	2719,70
504,30	2635,74
504,50	2643,93
504,70	2693,08
504,90	2676,70
505,10	2578,39
505,30	2582,49
505,50	2537,43
505,70	2545,63
505,90	2498,52
506,10	2488,28
506,30	2447,32
506,50	2545,63
506,70	2459,61
506,90	2414,56
507,11	2320,35
507,31	2418,65
507,51	2406,36
507,71	2328,54
507,91	2263,01
508,11	2351,07
508,31	2234,33
508,51	2213,85
508,71	2252,77
508,91	2228,19
509,11	2078,69
509,31	2136,03
509,51	2162,66
509,71	2144,22
509,91	2201,57
510,11	2039,78
510,31	2187,23
510,51	2072,54
510,71	2062,30
510,91	1923,04
511,11	2033,63
511,31	2058,21
511,51	2066,40
511,71	2000,87
511,91	2045,92
512,11	1951,71
512,31	1972,19
512,51	1982,43
512,71	2021,35
512,91	1931,23
513,11	1906,66
513,31	1935,33
513,51	1890,28
513,71	1843,17
513,91	1890,28
514,11	1918,95
514,31	1791,97
514,51	1857,51
514,71	1824,74
514,90	1787,88
515,10	1775,59
515,30	1759,21
515,50	1810,40
515,70	1783,78
515,90	1738,73
516,10	1783,78
516,30	1671,14
516,50	1710,05
516,70	1820,64
516,90	1685,48
517,10	1621,99
517,30	1794,02
517,50	1730,53
517,70	1675,24
517,90	1652,71
518,10	1638,38
518,30	1767,40
518,50	1595,37
518,70	1718,25
518,90	1705,96
519,10	1669,09
519,30	1652,71
519,50	1595,37
519,69	1685,48
519,89	1669,09
520,09	1613,80
520,29	1587,18
520,49	1632,23
520,69	1619,94
520,89	1581,03
521,09	1570,79
521,29	1882,08
521,49	1595,37
521,69	1619,94
521,89	1619,94
522,09	1669,09
522,29	1669,09
522,48	1685,48
522,68	1578,98
522,88	1472,49
523,08	1636,33
523,28	1578,98
523,48	1619,94
523,68	1521,64
523,88	1665,00
524,08	1515,50
524,28	1554,41
524,48	1648,61
524,68	1613,80
524,87	1546,22
525,07	1554,41
525,27	1554,41
525,47	1550,31
525,67	1513,45
525,87	1519,59
526,07	1521,64
526,27	1464,30
526,47	1548,26
526,67	1521,64
526,86	1476,59
527,06	1427,43
527,26	1472,49
527,46	1470,44
527,66	1619,94
527,86	1523,69
528,06	1366,00
528,26	1662,95
528,46	1476,59
528,65	1468,39
528,85	1366,00
529,05	1398,76
529,25	1472,49
529,45	1513,45
529,65	1447,91
529,85	1525,74
530,05	1556,46
530,24	1490,92
530,44	1439,72
530,64	1476,59
530,84	1529,83
531,04	1519,59
531,24	1464,30
531,44	1435,63
531,63	1441,77
531,83	1593,32
532,03	1497,07
532,23	1472,49
532,43	1595,37
532,63	1466,35
532,83	1515,50
533,02	1529,83
533,22	1435,63
533,42	1468,39
533,62	1488,87
533,82	1425,39
534,02	1505,26
534,22	1542,12
534,41	1505,26
534,61	1470,44
534,81	1423,34
535,01	1458,15
535,21	1480,68
535,41	1472,49
535,60	1349,61
535,80	1423,34
536,00	1400,81
536,20	1488,87
536,40	1472,49
536,60	1499,11
536,79	1503,21
536,99	1480,68
537,19	1499,11
537,39	1546,22
537,59	1433,58
537,78	1460,20
537,98	1456,11
538,18	1400,81
538,38	1497,07
538,58	1464,30
538,77	1513,45
538,97	1415,15
539,17	1505,26
539,37	1435,63
539,57	1425,39
539,77	1529,83
539,96	1415,15
540,16	1540,07
540,36	1480,68
540,56	1476,59
540,76	1507,30
540,95	1591,27
541,15	1507,30
541,35	1490,92
541,55	1505,26
541,74	1458,15
541,94	1609,70
542,14	1544,17
542,34	1538,02
542,54	1501,16
542,73	1554,41
542,93	1464,30
543,13	1431,53
543,33	1527,78
543,53	1501,16
543,72	1558,50
543,92	1427,43
544,12	1486,83
544,32	1472,49
544,51	1538,02
544,71	1456,11
544,91	1492,97
545,11	1505,26
545,30	1593,32
545,50	1507,30
545,70	1552,36
545,90	1513,45
546,10	1497,07
546,29	1572,84
546,49	1578,98
546,69	1572,84
546,89	1474,54
547,08	1578,98
547,28	1468,39
547,48	1480,68
547,68	1540,07
547,87	1488,87
548,07	1529,83
548,27	1540,07
548,47	1431,53
548,66	1482,73
548,86	1447,91
549,06	1423,34
549,25	1550,31
549,45	1572,84
549,65	1439,72
549,85	1521,64
550,04	1538,02
550,24	1464,30
550,44	1466,35
550,64	1409,00
550,83	1447,91
551,03	1480,68
551,23	1447,91
551,43	1456,11
551,62	1474,54
551,82	1466,35
552,02	1523,69
552,21	1482,73
552,41	1472,49
552,61	1474,54
552,81	1439,72
553,00	1466,35
553,20	1394,67
553,40	1497,07
553,59	1525,74
553,79	1456,11
553,99	1497,07
554,18	1382,38
554,38	1480,68
554,58	1460,20
554,78	1581,03
554,97	1488,87
555,17	1435,63
555,37	1497,07
555,56	1400,81
555,76	1384,43
555,96	1447,91
556,15	1374,19
556,35	1366,00
556,55	1406,95
556,74	1396,71
556,94	1505,26
557,14	1439,72
557,34	1394,67
557,53	1529,83
557,73	1456,11
557,93	1447,91
558,12	1427,43
558,32	1351,66
558,52	1449,96
558,71	1366,00
558,91	1439,72
559,11	1449,96
559,30	1431,53
559,50	1384,43
559,70	1464,30
559,89	1505,26
560,09	1431,53
560,29	1380,33
560,48	1456,11
560,68	1366,00
560,88	1464,30
561,07	1349,61
561,27	1439,72
561,46	1529,83
561,66	1505,26
561,86	1456,11
562,05	1470,44
562,25	1353,71
562,45	1439,72
562,64	1351,66
562,84	1472,49
563,04	1439,72
563,23	1439,72
563,43	1392,62
563,63	1564,65
563,82	1439,72
564,02	1509,35
564,21	1409,00
564,41	1480,68
564,61	1480,68
564,80	1515,50
565,00	1402,86
565,20	1423,34
565,39	1398,76
565,59	1482,73
565,78	1476,59
565,98	1505,26
566,18	1361,90
566,37	1439,72
566,57	1357,80
566,77	1456,11
566,96	1361,90
567,16	1423,34
567,35	1513,45
567,55	1488,87
567,75	1480,68
567,94	1456,11
568,14	1460,20
568,33	1417,19
568,53	1411,05
568,73	1587,18
568,92	1357,80
569,12	1394,67
569,31	1472,49
569,51	1411,05
569,71	1564,65
569,90	1382,38
570,10	1423,34
570,29	1509,35
570,49	1452,01
570,69	1499,11
570,88	1390,57
571,08	1415,15
571,27	1404,91
571,47	1464,30
571,66	1433,58
571,86	1359,85
572,06	1433,58
572,25	1439,72
572,45	1456,11
572,64	1382,38
572,84	1497,07
573,03	1521,64
573,23	1484,78
573,43	1505,26
573,62	1472,49
573,82	1456,11
574,01	1392,62
574,21	1327,08
574,40	1406,95
574,60	1441,77
574,79	1325,04
574,99	1497,07
575,19	1449,96
575,38	1533,93
575,58	1466,35
575,77	1572,84
575,97	1406,95
576,16	1464,30
576,36	1415,15
576,55	1423,34
576,75	1499,11
576,94	1472,49
577,14	1378,28
577,34	1466,35
577,53	1439,72
577,73	1515,50
577,92	1439,72
578,12	1611,75
578,31	1378,28
578,51	1482,73
578,70	1370,09
578,90	1564,65
579,09	1490,92
579,29	1456,11
579,48	1402,86
579,68	1550,31
579,87	1374,19
580,07	1433,58
580,26	1417,19
580,46	1380,33
580,65	1423,34
580,85	1390,57
581,04	1474,54
581,24	1406,95
581,43	1525,74
581,63	1492,97
581,82	1456,11
582,02	1449,96
582,21	1499,11
582,41	1431,53
582,60	1349,61
582,80	1505,26
582,99	1513,45
583,19	1505,26
583,38	1400,81
583,58	1456,11
583,77	1497,07
583,97	1406,95
584,16	1507,30
584,36	1398,76
584,55	1333,23
584,75	1441,77
584,94	1382,38
585,14	1515,50
585,33	1349,61
585,53	1482,73
585,72	1466,35
585,92	1578,98
586,11	1398,76
586,31	1499,11
586,50	1480,68
586,70	1484,78
586,89	1378,28
587,09	1409,00
587,28	1443,82
587,47	1480,68
587,67	1409,00
587,86	1460,20
588,06	1472,49
588,25	1431,53
588,45	1439,72
588,64	1439,72
588,84	1464,30
589,03	1570,79
589,23	1384,43
589,42	1406,95
589,61	1472,49
589,81	1390,57
590,00	1417,19
590,20	1433,58
590,39	1351,66
590,59	1398,76
590,78	1398,76
590,98	1398,76
591,17	1400,81
591,36	1447,91
591,56	1419,24
591,75	1529,83
591,95	1449,96
592,14	1472,49
592,34	1476,59
592,53	1497,07
592,72	1441,77
592,92	1449,96
593,11	1488,87
593,31	1464,30
593,50	1472,49
593,69	1472,49
593,89	1542,12
594,08	1452,01
594,28	1458,15
594,47	1529,83
594,67	1460,20
594,86	1476,59
595,05	1386,47
595,25	1505,26
595,44	1325,04
595,64	1484,78
595,83	1558,50
596,02	1466,35
596,22	1433,58
596,41	1382,38
596,61	1460,20
596,80	1447,91
596,99	1497,07
597,19	1359,85
597,38	1423,34
597,58	1456,11
597,77	1499,11
597,96	1398,76
598,16	1482,73
598,35	1488,87
598,54	1409,00
598,74	1425,39
598,93	1431,53
599,13	1464,30
599,32	1376,24
599,51	1366,00
599,71	1505,26
599,90	1480,68
600,09	1349,61
600,29	1409,00
600,48	1460,20
600,68	1456,11
600,87	1513,45
601,06	1521,64
601,26	1390,57
601,45	1474,54
601,64	1384,43
601,84	1542,12
602,03	1480,68
602,22	1507,30
602,42	1423,34
602,61	1376,24
602,80	1366,00
603,00	1458,15
603,19	1374,19
603,38	1474,54
603,58	1425,39
603,77	1425,39
603,96	1447,91
604,16	1439,72
604,35	1386,47
604,54	1449,96
604,74	1417,19
604,93	1456,11
605,12	1349,61
605,32	1449,96
605,51	1439,72
605,70	1384,43
605,90	1398,76
606,09	1439,72
606,28	1349,61
606,48	1447,91
606,67	1366,00
606,86	1423,34
607,06	1398,76
607,25	1415,15
607,44	1355,76
607,64	1456,11
607,83	1548,26
608,02	1423,34
608,22	1523,69
608,41	1390,57
608,60	1394,67
608,79	1427,43
608,99	1370,09
609,18	1587,18
609,37	1415,15
609,57	1548,26
609,76	1464,30
609,95	1456,11
610,15	1480,68
610,34	1507,30
610,53	1456,11
610,72	1529,83
610,92	1517,54
611,11	1458,15
611,30	1607,66
611,50	1595,37
611,69	1529,83
611,88	1474,54
612,07	1587,18
612,27	1517,54
612,46	1452,01
612,65	1452,01
612,84	1425,39
613,04	1497,07
613,23	1417,19
613,42	1431,53
613,62	1603,56
613,81	1497,07
614,00	1581,03
614,19	1427,43
614,39	1421,29
614,58	1505,26
614,77	1398,76
614,96	1529,83
615,16	1464,30
615,35	1456,11
615,54	1529,83
615,73	1433,58
615,93	1439,72
616,12	1636,33
616,31	1413,10
616,50	1480,68
616,70	1472,49
616,89	1497,07
617,08	1507,30
617,27	1490,92
617,47	1482,73
617,66	1456,11
617,85	1449,96
618,04	1427,43
618,23	1505,26
618,43	1441,77
618,62	1406,95
618,81	1474,54
619,00	1370,09
619,20	1488,87
619,39	1368,04
619,58	1505,26
619,77	1456,11
619,96	1398,76
620,16	1423,34
620,35	1441,77
620,54	1370,09
620,73	1447,91
620,93	1425,39
621,12	1497,07
621,31	1472,49
621,50	1499,11
621,69	1431,53
621,89	1394,67
622,08	1406,95
622,27	1406,95
622,46	1366,00
622,65	1400,81
622,85	1390,57
623,04	1472,49
623,23	1390,57
623,42	1468,39
623,61	1480,68
623,81	1488,87
624,00	1415,15
624,19	1435,63
624,38	1482,73
624,57	1406,95
624,76	1468,39
624,96	1406,95
625,15	1406,95
625,34	1409,00
625,53	1562,60
625,72	1400,81
625,91	1454,06
626,11	1398,76
626,30	1406,95
626,49	1525,74
626,68	1390,57
626,87	1374,19
627,06	1460,20
627,26	1411,05
627,45	1480,68
627,64	1513,45
627,83	1441,77
628,02	1447,91
628,21	1492,97
628,41	1497,07
628,60	1406,95
628,79	1431,53
628,98	1513,45
629,17	1423,34
629,36	1464,30
629,55	1415,15
629,75	1472,49
629,94	1511,40
630,13	1476,59
630,32	1439,72
630,51	1533,93
630,70	1497,07
630,89	1472,49
631,09	1456,11
631,28	1415,15
631,47	1466,35
631,66	1435,63
631,85	1456,11
632,04	1366,00
632,23	1458,15
632,42	1447,91
632,62	1490,92
632,81	1349,61
633,00	1515,50
633,19	1320,94
633,38	1398,76
633,57	1415,15
633,76	1464,30
633,95	1341,42
634,14	1392,62
634,34	1390,57
634,53	1390,57
634,72	1402,86
634,91	1603,56
635,10	1374,19
635,29	1439,72
635,48	1505,26
635,67	1382,38
635,86	1439,72
636,05	1460,20
636,24	1415,15
636,44	1449,96
636,63	1497,07
636,82	1374,19
637,01	1456,11
637,20	1458,15
637,39	1443,82
637,58	1554,41
637,77	1425,39
637,96	1505,26
638,15	1439,72
638,34	1382,38
638,53	1425,39
638,73	1480,68
638,92	1445,87
639,11	1468,39
639,30	1390,57
639,49	1427,43
639,68	1402,86
639,87	1447,91
640,06	1431,53
640,25	1400,81
640,44	1497,07
640,63	1497,07
640,82	1343,47
641,01	1400,81
641,20	1447,91
641,39	1439,72
641,58	1398,76
641,77	1429,48
641,96	1464,30
642,16	1439,72
642,35	1499,11
642,54	1497,07
642,73	1359,85
642,92	1466,35
643,11	1525,74
643,30	1423,34
643,49	1374,19
643,68	1468,39
643,87	1359,85
644,06	1447,91
644,25	1390,57
644,44	1480,68
644,63	1456,11
644,82	1398,76
645,01	1357,80
645,20	1497,07
645,39	1378,28
645,58	1505,26
645,77	1447,91
645,96	1456,11
646,15	1398,76
646,34	1480,68
646,53	1415,15
646,72	1476,59
646,91	1400,81
647,10	1456,11
647,29	1425,39
647,48	1578,98
647,67	1499,11
647,86	1390,57
648,05	1462,25
648,24	1417,19
648,43	1476,59
648,62	1423,34
648,81	1468,39
649,00	1415,15
649,19	1538,02
649,38	1361,90
649,57	1353,71
649,76	1411,05
649,95	1439,72
650,14	1425,39
650,33	1382,38
650,52	1562,60
650,71	1406,95
650,90	1417,19
651,09	1423,34
651,28	1441,77
651,47	1447,91
651,66	1464,30
651,85	1390,57
652,04	1370,09
652,23	1368,04
652,42	1464,30
652,61	1390,57
652,80	1499,11
652,99	1415,15
653,17	1441,77
653,36	1427,43
653,55	1394,67
653,74	1376,24
653,93	1423,34
654,12	1466,35
654,31	1441,77
654,50	1411,05
654,69	1456,11
654,88	1472,49
655,07	1415,15
655,26	1415,15
655,45	1433,58
655,64	1464,30
655,83	1497,07
656,02	1390,57
656,21	1431,53
656,39	1435,63
656,58	1456,11
656,77	1345,52
656,96	1316,84
657,15	1431,53
657,34	1423,34
657,53	1406,95
657,72	1480,68
657,91	1382,38
658,10	1449,96
658,29	1431,53
658,48	1439,72
658,67	1449,96
658,85	1427,43
659,04	1351,66
659,23	1492,97
659,42	1392,62
659,61	1447,91
659,80	1400,81
659,99	1490,92
660,18	1333,23
660,37	1452,01
660,56	1390,57
660,74	1376,24
660,93	1427,43
661,12	1443,82
661,31	1447,91
661,50	1390,57
661,69	1390,57
661,88	1505,26
662,07	1486,83
662,26	1492,97
662,44	1423,34
662,63	1464,30
662,82	1423,34
663,01	1464,30
663,20	1435,63
663,39	1468,39
663,58	1439,72
663,77	1423,34
663,95	1425,39
664,14	1515,50
664,33	1456,11
664,52	1398,76
664,71	1472,49
664,90	1454,06
665,09	1366,00
665,27	1480,68
665,46	1437,67
665,65	1554,41
665,84	1447,91
666,03	1456,11
666,22	1464,30
666,41	1548,26
666,59	1447,91
666,78	1425,39
666,97	1398,76
667,16	1447,91
667,35	1406,95
667,54	1357,80
667,72	1447,91
667,91	1490,92
668,10	1464,30
668,29	1415,15
668,48	1359,85
668,67	1384,43
668,85	1456,11
669,04	1521,64
669,23	1447,91
669,42	1376,24
669,61	1435,63
669,80	1443,82
669,98	1472,49
670,17	1505,26
670,36	1415,15
670,55	1327,08
670,74	1415,15
670,92	1431,53
671,11	1501,16
671,30	1433,58
671,49	1546,22
671,68	1456,11
671,86	1406,95
672,05	1505,26
672,24	1439,72
672,43	1458,15
672,62	1431,53
672,80	1431,53
672,99	1423,34
673,18	1497,07
673,37	1441,77
673,56	1497,07
673,74	1419,24
673,93	1480,68
674,12	1382,38
674,31	1339,37
674,50	1349,61
674,68	1292,27
674,87	1474,54
675,06	1515,50
675,25	1406,95
675,43	1460,20
675,62	1368,04
675,81	1374,19
676,00	1427,43
676,19	1497,07
676,37	1335,28
676,56	1456,11
676,75	1431,53
676,94	1415,15
677,12	1406,95
677,31	1433,58
677,50	1474,54
677,69	1417,19
677,87	1357,80
678,06	1411,05
678,25	1439,72
678,44	1392,62
678,62	1392,62
678,81	1374,19
679,00	1488,87
679,19	1370,09
679,37	1384,43
679,56	1423,34
679,75	1533,93
679,94	1435,63
680,12	1343,47
680,31	1452,01
680,50	1480,68
680,68	1447,91
680,87	1411,05
681,06	1472,49
681,25	1466,35
681,43	1538,02
681,62	1376,24
681,81	1431,53
682,00	1415,15
682,18	1433,58
682,37	1423,34
682,56	1382,38
682,74	1468,39
682,93	1488,87
683,12	1357,80
683,31	1431,53
683,49	1417,19
683,68	1398,76
683,87	1417,19
684,05	1423,34
684,24	1427,43
684,43	1382,38
684,61	1464,30
684,80	1398,76
684,99	1456,11
685,18	1425,39
685,36	1388,52
685,55	1398,76
685,74	1435,63
685,92	1466,35
686,11	1449,96
686,30	1394,67
686,48	1458,15
686,67	1398,76
686,86	1466,35
687,04	1411,05
687,23	1443,82
687,42	1423,34
687,60	1394,67
687,79	1415,15
687,98	1452,01
688,16	1441,77
688,35	1456,11
688,54	1595,37
688,72	1884,13
688,91	1431,53
689,10	1419,24
689,28	1382,38
689,47	1546,22
689,66	1521,64
689,84	1441,77
690,03	1439,72
690,22	1400,81
690,40	1439,72
690,59	1415,15
690,78	1390,57
690,96	1357,80
691,15	1382,38
691,34	1413,10
691,52	1415,15
691,71	1368,04
691,89	1497,07
692,08	1359,85
692,27	1439,72
692,45	1501,16
692,64	1464,30
692,83	1349,61
693,01	1382,38
693,20	1505,26
693,38	1415,15
693,57	1366,00
693,76	1415,15
693,94	1521,64
694,13	1613,80
694,32	1376,24
694,50	1472,49
694,69	1398,76
694,87	1423,34
695,06	1464,30
695,25	1456,11
695,43	1488,87
695,62	1390,57
695,80	1513,45
695,99	1390,57
696,18	1398,76
696,36	1425,39
696,55	1554,41
696,73	1435,63
696,92	1419,24
697,11	1433,58
697,29	1538,02
697,48	1466,35
697,66	1554,41
697,85	1423,34
698,04	1390,57
698,22	1441,77
698,41	1439,72
698,59	1427,43
698,78	1394,67
698,96	1449,96
699,15	1443,82
699,34	1376,24
699,52	1425,39
699,71	1427,43
699,89	1517,54
700,08	1439,72
700,26	1488,87
700,45	1517,54
700,64	1400,81
700,82	1267,69
701,01	1390,57
701,19	1447,91
701,38	1411,05
701,56	1409,00
701,75	1374,19
701,93	1398,76
702,12	1392,62
702,31	1402,86
702,49	1406,95
702,68	1474,54
702,86	1427,43
703,05	1476,59
703,23	1406,95
703,42	1515,50
703,60	1447,91
703,79	1423,34
703,97	1431,53
704,16	1447,91
704,34	1456,11
704,53	1456,11
704,72	1374,19
704,90	1374,19
705,09	1390,57
705,27	1423,34
705,46	1533,93
705,64	1505,26
705,83	1384,43
706,01	1349,61
706,20	1386,47
706,38	1439,72
706,57	1505,26
706,75	1390,57
706,94	1456,11
707,12	1390,57
707,31	1474,54
707,49	1447,91
707,68	1464,30
707,86	1468,39
708,05	1480,68
708,23	1554,41
708,42	1423,34
708,60	1513,45
708,79	1466,35
708,97	1460,20
709,16	1468,39
709,34	1464,30
709,53	1329,13
709,71	1464,30
709,90	1427,43
710,08	1433,58
710,27	1374,19
710,45	1357,80
710,64	1503,21
710,82	1392,62
711,00	1771,49
711,19	1464,30
711,37	1316,84
711,56	1400,81
711,74	1366,00
711,93	1409,00
712,11	1400,81
712,30	1423,34
712,48	1400,81
712,67	1521,64
712,85	1390,57
713,04	1480,68
713,22	1476,59
713,40	1447,91
713,59	1406,95
713,77	1409,00
713,96	1349,61
714,14	1538,02
714,33	1402,86
714,51	1390,57
714,70	1318,89
714,88	1398,76
715,06	1361,90
715,25	1390,57
715,43	1425,39
715,62	1398,76
715,80	1406,95
715,99	1415,15
716,17	1392,62
716,35	1390,57
716,54	1480,68
716,72	1423,34
716,91	1411,05
717,09	1439,72
717,28	1458,15
717,46	1578,98
717,64	1376,24
717,83	1456,11
718,01	1368,04
718,20	1394,67
718,38	1398,76
718,56	1415,15
718,75	1439,72
718,93	1495,02
719,12	1415,15
719,30	1431,53
719,48	1398,76
719,67	1456,11
719,85	1409,00
720,04	1374,19
720,22	1357,80
720,40	1341,42
720,59	1464,30
720,77	1441,77
720,96	1398,76
721,14	1417,19
721,32	1447,91
721,51	1423,34
721,69	1327,08
721,87	1464,30
722,06	1480,68
722,24	1458,15
722,43	1417,19
722,61	1497,07
722,79	1456,11
722,98	1464,30
723,16	1521,64
723,34	1492,97
723,53	1449,96
723,71	1472,49
723,90	1400,81
724,08	1415,15
724,26	1456,11
724,45	1441,77
724,63	1427,43
724,81	1517,54
725,00	1384,43
725,18	1425,39
725,36	1431,53
725,55	1406,95
725,73	1357,80
725,91	1431,53
726,10	1439,72
726,28	1492,97
726,46	1443,82
726,65	1390,57
726,83	1417,19
727,01	1384,43
727,20	1480,68
727,38	1400,81
727,56	1497,07
727,75	1431,53
727,93	1454,06
728,11	1394,67
728,30	1447,91
728,48	1398,76
728,66	1394,67
728,85	1382,38
729,03	1415,15
729,21	1423,34
729,40	1497,07
729,58	1433,58
729,76	1329,13
729,94	1452,01
730,13	1433,58
730,31	1390,57
730,49	1325,04
730,68	1423,34
730,86	1368,04
731,04	1488,87
731,23	1353,71
731,41	1349,61
731,59	1394,67
731,77	1480,68
731,96	1529,83
732,14	1443,82
732,32	1382,38
732,51	1513,45
732,69	1325,04
732,87	1366,00
733,05	1447,91
733,24	1419,24
733,42	1423,34
733,60	1439,72
733,79	1394,67
733,97	1392,62
734,15	1419,24
734,33	1472,49
734,52	1411,05
734,70	1538,02
734,88	1497,07
735,06	1406,95
735,25	1431,53
735,43	1423,34
735,61	1374,19
735,79	1452,01
735,98	1435,63
736,16	1726,44
736,34	1417,19
736,52	1423,34
736,71	1374,19
736,89	1456,11
737,07	1466,35
737,25	1374,19
737,44	1378,28
737,62	1431,53
737,80	1501,16
737,98	1357,80
738,17	1374,19
738,35	1368,04
738,53	1478,63
738,71	1464,30
738,89	1449,96
739,08	1431,53
739,26	1357,80
739,44	1406,95
739,62	1505,26
739,81	1423,34
739,99	1456,11
740,17	1406,95
740,35	1415,15
740,53	1499,11
740,72	1374,19
740,90	1423,34
741,08	1443,82
741,26	1382,38
741,44	1398,76
741,63	1435,63
741,81	1476,59
741,99	1406,95
742,17	1443,82
742,35	1456,11
742,54	1333,23
742,72	1476,59
742,90	1456,11
743,08	1378,28
743,26	1406,95
743,45	1476,59
743,63	1425,39
743,81	1449,96
743,99	1423,34
744,17	1497,07
744,35	1423,34
744,54	1503,21
744,72	1521,64
744,90	1423,34
745,08	1464,30
745,26	1435,63
745,44	1347,56
745,63	1468,39
745,81	1370,09
745,99	1490,92
746,17	1417,19
746,35	1464,30
746,53	1411,05
746,72	1406,95
746,90	1406,95
747,08	1419,24
747,26	1427,43
747,44	1480,68
747,62	1533,93
747,81	1435,63
747,99	1382,38
748,17	1386,47
748,35	1349,61
748,53	1425,39
748,71	1476,59
748,89	1382,38
749,07	1499,11
749,26	1425,39
749,44	1456,11
749,62	1325,04
749,80	1433,58
749,98	1439,72
750,16	1390,57
750,34	1415,15
750,52	1406,95
750,71	1325,04
750,89	1456,11
751,07	1480,68
751,25	1337,32
751,43	1409,00
751,61	1378,28
751,79	1341,42
751,97	1353,71
752,15	1398,76
752,34	1515,50
752,52	1423,34
752,70	1441,77
752,88	1505,26
753,06	1411,05
753,24	1406,95
753,42	1382,38
753,60	1402,86
753,78	1423,34
753,96	1415,15
754,15	1480,68
754,33	1378,28
754,51	1464,30
754,69	1374,19
754,87	1456,11
755,05	1449,96
755,23	1433,58
755,41	1409,00
755,59	1394,67
755,77	1384,43
755,95	1433,58
756,13	1515,50
756,31	1390,57
756,50	1423,34
756,68	1404,91
756,86	1419,24
757,04	1417,19
757,22	1464,30
757,40	1406,95
757,58	1351,66
757,76	1466,35
757,94	1366,00
758,12	1538,02
758,30	1464,30
758,48	1394,67
758,66	1464,30
758,84	1474,54
759,02	1406,95
759,20	1423,34
759,38	1464,30
759,56	1382,38
759,74	1517,54
759,92	1353,71
760,10	1439,72
760,28	1490,92
760,47	1353,71
760,65	1464,30
760,83	1441,77
761,01	1357,80
761,19	1452,01
761,37	1400,81
761,55	1390,57
761,73	1415,15
761,91	1341,42
762,09	1378,28
762,27	1488,87
762,45	1472,49
762,63	1466,35
762,81	1529,83
762,99	1523,69
763,17	1476,59
763,35	1456,11
763,53	1400,81
763,71	1406,95
763,89	1687,53
764,07	1447,91
764,25	1513,45
764,43	1472,49
764,61	1423,34
764,79	1417,19
764,97	1423,34
765,15	1521,64
765,33	1368,04
765,51	1368,04
765,69	1390,57
765,87	1394,67
766,05	1411,05
766,23	1398,76
766,41	1415,15
766,58	1464,30
766,76	1316,84
766,94	1333,23
767,12	1366,00
767,30	1423,34
767,48	1435,63
767,66	1529,83
767,84	1472,49
768,02	1497,07
768,20	1513,45
768,38	1507,30
768,56	1425,39
768,74	1366,00
768,92	1433,58
769,10	1431,53
769,28	1406,95
769,46	1366,00
769,64	1456,11
769,82	1433,58
770,00	1523,69
770,18	1394,67
770,36	1456,11
770,53	1411,05
770,71	1423,34
770,89	1548,26
771,07	1425,39
771,25	1390,57
771,43	1505,26
771,61	1425,39
771,79	1357,80
771,97	1374,19
772,15	1353,71
772,33	1415,15
772,51	1406,95
772,69	1411,05
772,86	1406,95
773,04	1474,54
773,22	1327,08
773,40	1488,87
773,58	1400,81
773,76	1474,54
773,94	1380,33
774,12	1431,53
774,30	1384,43
774,48	1474,54
774,65	1366,00
774,83	1376,24
775,01	1400,81
775,19	1472,49
775,37	1390,57
775,55	1406,95
775,73	1456,11
775,91	1415,15
776,09	1529,83
776,26	1423,34
776,44	1374,19
776,62	1402,86
776,80	1384,43
776,98	1415,15
777,16	1415,15
777,34	1505,26
777,52	1472,49
777,69	1472,49
777,87	1398,76
778,05	1366,00
778,23	1411,05
778,41	1439,72
778,59	1443,82
778,77	1366,00
778,94	1374,19
779,12	1366,00
779,30	1452,01
779,48	1447,91
779,66	1468,39
779,84	1425,39
780,02	1409,00
780,19	1384,43
780,37	1394,67
780,55	1468,39
780,73	1394,67
780,91	1564,65
781,09	1466,35
781,26	1456,11
781,44	1382,38
781,62	1464,30
781,80	1382,38
781,98	1341,42
782,16	1456,11
782,33	1415,15
782,51	1443,82
782,69	1415,15
782,87	1390,57
783,05	1392,62
783,22	1619,94
783,40	1382,38
783,58	1392,62
783,76	1447,91
783,94	1458,15
784,12	1427,43
784,29	1458,15
784,47	1325,04
784,65	1480,68
784,83	1501,16
785,01	1431,53
785,18	1447,91
785,36	1398,76
785,54	1570,79
785,72	1480,68
785,89	1529,83
786,07	1366,00
786,25	1529,83
786,43	1341,42
786,61	1415,15
786,78	1337,32
786,96	1427,43
787,14	1523,69
787,32	1419,24
787,49	1409,00
787,67	1398,76
787,85	1378,28
788,03	1333,23
788,21	1456,11
788,38	1404,91
788,56	1431,53
788,74	1443,82
788,92	1445,87
789,09	1466,35
789,27	1382,38
789,45	1433,58
789,63	1366,00
789,80	1398,76
789,98	1464,30
790,16	1447,91
790,34	1398,76
790,51	1411,05
790,69	1439,72
790,87	1411,05
791,05	1423,34
791,22	1480,68
791,40	1368,04
791,58	1406,95
791,76	1415,15
791,93	1538,02
792,11	1482,73
792,29	1318,89
792,46	1390,57
792,64	1425,39
792,82	1439,72
793,00	1390,57
793,17	1423,34
793,35	1394,67
793,53	1458,15
793,70	1443,82
793,88	1357,80
794,06	1456,11
794,24	1447,91
794,41	1460,20
794,59	1441,77
794,77	1423,34
794,94	1468,39
795,12	1456,11
795,30	1357,80
795,47	1423,34
795,65	1382,38
795,83	1423,34
796,01	1406,95
796,18	1406,95
796,36	1406,95
796,54	1447,91
796,71	1546,22
796,89	1423,34
797,07	1456,11
797,24	1443,82
797,42	1548,26
797,60	1529,83
797,77	1482,73
797,95	1531,88
798,13	1472,49
798,30	1474,54
798,48	1345,52
798,66	1472,49
798,83	1521,64
799,01	1464,30
799,19	1456,11
799,36	1439,72
799,54	1374,19
799,72	1423,34
799,89	1439,72
800,07	1456,11
800,25	1277,93
800,42	1382,38
800,60	1484,78
800,78	1472,49
800,95	1521,64
801,13	1472,49
801,30	1337,32
801,48	1406,95
801,66	1484,78
801,83	1423,34
802,01	1400,81
802,19	1300,46
802,36	1441,77
802,54	1439,72
802,72	1480,68
802,89	1621,99
803,07	1406,95
803,24	1472,49
803,42	1415,15
803,60	1409,00
803,77	1447,91
803,95	1400,81
804,12	1435,63
804,30	1415,15
804,48	1472,49
804,65	1460,20
804,83	1505,26
805,01	1458,15
805,18	1441,77
805,36	1308,65
805,53	1390,57
805,71	1421,29
805,88	1417,19
806,06	1472,49
806,24	1376,24
806,41	1411,05
806,59	1406,95
806,76	1382,38
806,94	1480,68
807,12	1392,62
807,29	1464,30
807,47	1488,87
807,64	1523,69
807,82	1492,97
807,99	1349,61
808,17	1398,76
808,35	1411,05
808,52	1449,96
808,70	1484,78
808,87	1300,46
809,05	1402,86
809,22	1513,45
809,40	1415,15
809,58	1423,34
809,75	1333,23
809,93	1296,36
810,10	1351,66
810,28	1411,05
810,45	1382,38
810,63	1484,78
810,80	1415,15
810,98	1488,87
811,15	1359,85
811,33	1513,45
811,51	1357,80
811,68	1361,90
811,86	1343,47
812,03	1343,47
812,21	1392,62
812,38	1392,62
812,56	1501,16
812,73	1503,21
812,91	1464,30
813,08	1482,73
813,26	1464,30
813,43	1480,68
813,61	1411,05
813,78	1505,26
813,96	1480,68
814,13	1382,38
814,31	1480,68
814,48	1333,23
814,66	1337,32
814,83	1398,76
815,01	1439,72
815,18	1529,83
815,36	1466,35
815,53	1476,59
815,71	1480,68
815,88	1439,72
816,06	1353,71
816,23	1441,77
816,41	1288,17
816,58	1392,62
816,76	1669,09
816,93	1423,34
817,11	1431,53
817,28	1392,62
817,46	1488,87
817,63	1423,34
817,81	1460,20
817,98	1415,15
818,16	1443,82
818,33	1390,57
818,51	1423,34
818,68	1376,24
818,86	1488,87
819,03	1316,84
819,21	1456,11
819,38	1458,15
819,55	1423,34
819,73	1439,72
819,90	1435,63
820,08	1476,59
820,25	1456,11
820,43	1474,54
820,60	1320,94
820,78	1513,45
820,95	1390,57
821,12	1345,52
821,30	1333,23
821,47	1474,54
821,65	1505,26
821,82	1431,53
822,00	1417,19
822,17	1394,67
822,35	1472,49
822,52	1431,53
822,69	1376,24
822,87	1456,11
823,04	1415,15
823,22	1374,19
823,39	1325,04
823,56	1456,11
823,74	1472,49
823,91	1441,77
824,09	1409,00
824,26	1415,15
824,44	1325,04
824,61	1484,78
824,78	1472,49
824,96	1390,57
825,13	1488,87
825,31	1435,63
825,48	1447,91
825,65	1484,78
825,83	1402,86
826,00	1480,68
826,18	1374,19
826,35	1480,68
826,52	1382,38
826,70	1349,61
826,87	1415,15
827,04	1431,53
827,22	1390,57
827,39	1343,47
827,57	1472,49
827,74	1368,04
827,91	1370,09
828,09	1415,15
828,26	1378,28
828,43	1480,68
828,61	1466,35
828,78	1366,00
828,96	1431,53
829,13	1359,85
829,30	1406,95
829,48	1456,11
829,65	1431,53
829,82	1435,63
830,00	1382,38
830,17	1376,24
830,34	1431,53
830,52	1423,34
830,69	1460,20
830,86	1447,91
831,04	1515,50
831,21	1488,87
831,38	1398,76
831,56	1452,01
831,73	1472,49
831,90	1382,38
832,08	1431,53
832,25	1382,38
832,42	1409,00
832,60	1472,49
832,77	1415,15
832,94	1406,95
833,12	1431,53
833,29	1316,84
833,46	1417,19
833,64	1499,11
833,81	1435,63
833,98	1499,11
834,16	1386,47
834,33	1554,41
834,50	1406,95
834,67	1394,67
834,85	1484,78
835,02	1427,43
835,19	1447,91
835,37	1382,38
835,54	1398,76
835,71	1376,24
835,89	1366,00
836,06	1578,98
836,23	1458,15
836,40	1447,91
836,58	1517,54
836,75	1454,06
836,92	1341,42
837,10	1368,04
837,27	1327,08
837,44	1456,11
837,61	1417,19
837,79	1460,20
837,96	1464,30
838,13	1366,00
838,30	1376,24
838,48	1343,47
838,65	1396,71
838,82	1449,96
838,99	1425,39
839,17	1447,91
839,34	1406,95
839,51	1378,28
839,69	1366,00
839,86	1472,49
840,03	1497,07
840,20	1325,04
840,37	1441,77
840,55	1382,38
840,72	1386,47
840,89	1509,35
841,06	1415,15
841,24	1398,76
841,41	1439,72
841,58	1374,19
841,75	1525,74
841,93	1497,07
842,10	1447,91
842,27	1366,00
842,44	1415,15
842,62	1386,47
842,79	1570,79
842,96	1378,28
843,13	1472,49
843,30	1390,57
843,48	1423,34
843,65	1480,68
843,82	1398,76
843,99	1394,67
844,16	1472,49
844,34	1423,34
844,51	1443,82
844,68	1497,07
844,85	1431,53
845,02	1384,43
845,20	1472,49
845,37	1343,47
845,54	1452,01
845,71	1325,04
845,88	1497,07
846,06	1486,83
846,23	1380,33
846,40	1447,91
846,57	1386,47
846,74	1435,63
846,91	1406,95
847,09	1431,53
847,26	1406,95
847,43	1490,92
847,60	1480,68
847,77	1499,11
847,94	1488,87
848,12	1325,04
848,29	1439,72
848,46	1415,15
848,63	1421,29
848,80	1308,65
848,97	1411,05
849,15	1517,54
849,32	1449,96
849,49	1366,00
849,66	1488,87
849,83	1386,47
850,00	1507,30
850,17	1374,19
850,35	1439,72
850,52	1415,15
850,69	1345,52
850,86	1390,57
851,03	1390,57
851,20	1374,19
851,37	1456,11
851,55	1386,47
851,72	1484,78
851,89	1466,35
852,06	1472,49
852,23	1525,74
852,40	1447,91
852,57	1366,00
852,74	1415,15
852,92	1417,19
853,09	1378,28
853,26	1359,85
853,43	1456,11
853,60	1435,63
853,77	1431,53
853,94	1333,23
854,11	1406,95
854,28	1767,40
854,45	1431,53
854,63	1431,53
854,80	1390,57
854,97	1431,53
855,14	1378,28
855,31	1452,01
855,48	1425,39
855,65	1382,38
855,82	1411,05
855,99	1374,19
856,16	1425,39
856,33	1521,64
856,50	1345,52
856,68	1447,91
856,85	1488,87
857,02	1400,81
857,19	1384,43
857,36	1415,15
857,53	1384,43
857,70	1447,91
857,87	1368,04
858,04	1357,80
858,21	1406,95
858,38	1368,04
858,55	1482,73
858,72	1406,95
858,89	1353,71
859,06	1497,07
859,23	1435,63
859,40	1431,53
859,58	1382,38
859,75	1406,95
859,92	1419,24
860,09	1488,87
860,26	1423,34
860,43	1415,15
860,60	1398,76
860,77	1406,95
860,94	1398,76
861,11	1480,68
861,28	1482,73
861,45	1480,68
861,62	1374,19
861,79	1402,86
861,96	1347,56
862,13	1497,07
862,30	1390,57
862,47	1390,57
862,64	1638,38
862,81	1368,04
862,98	1439,72
863,15	1456,11
863,32	1384,43
863,49	1449,96
863,66	1406,95
863,83	1441,77
864,00	1267,69
864,17	1490,92
864,34	1472,49
864,51	1402,86
864,68	1411,05
864,85	1425,39
865,02	1415,15
865,19	1376,24
865,36	1400,81
865,53	1374,19
865,70	1366,00
865,87	1497,07
866,04	1464,30
866,21	1488,87
866,38	1409,00
866,55	1398,76
866,72	1458,15
866,89	1480,68
867,06	1505,26
867,23	1441,77
867,40	1456,11
867,57	1472,49
867,73	1415,15
867,90	1439,72
868,07	1513,45
868,24	1423,34
868,41	1443,82
868,58	1394,67
868,75	1406,95
868,92	1447,91
869,09	1423,34
869,26	1488,87
869,43	1497,07
869,60	1427,43
869,77	1437,67
869,94	1411,05
870,11	1472,49
870,28	1380,33
870,45	1423,34
870,61	1425,39
870,78	1447,91
870,95	1447,91
871,12	1431,53
871,29	1464,30
871,46	1548,26
871,63	1394,67
871,80	1417,19
871,97	1439,72
872,14	1578,98
872,31	1423,34
872,47	1366,00
872,64	1460,20
872,81	1427,43
872,98	1456,11
873,15	1402,86
873,32	1386,47
873,49	1435,63
873,66	1531,88
873,83	1425,39
874,00	1472,49
874,16	1390,57
874,33	1456,11
874,50	1382,38
874,67	1433,58
874,84	1382,38
875,01	1394,67
875,18	1402,86
875,35	1325,04
875,51	1406,95
875,68	1513,45
875,85	1409,00
876,02	1384,43
876,19	1509,35
876,36	1513,45
876,53	1398,76
876,69	1482,73
876,86	1490,92
877,03	1415,15
877,20	1488,87
877,37	1398,76
877,54	1374,19
877,71	1386,47
877,87	1439,72
878,04	1488,87
878,21	1318,89
878,38	1472,49
878,55	1406,95
878,72	1447,91
878,88	1423,34
879,05	1632,23
879,22	1386,47
879,39	1441,77
879,56	1390,57
879,73	1468,39
879,89	1409,00
880,06	1497,07
880,23	1400,81
880,40	1456,11
880,57	1320,94
880,74	1482,73
880,90	1406,95
881,07	1464,30
881,24	1466,35
881,41	1427,43
881,58	1458,15
881,74	1488,87
881,91	1415,15
882,08	1505,26
882,25	1482,73
882,42	1425,39
882,58	1677,29
882,75	1409,00
882,92	1437,67
883,09	1472,49
883,26	1513,45
883,42	1456,11
883,59	1423,34
883,76	1382,38
883,93	1452,01
884,09	1335,28
884,26	1458,15
884,43	1472,49
884,60	1419,24
884,77	1480,68
884,93	1456,11
885,10	1488,87
885,27	1538,02
885,44	1466,35
885,60	1513,45
885,77	1488,87
885,94	1501,16
886,11	1445,87
886,27	1464,30
886,44	1466,35
886,61	1505,26
886,78	1400,81
886,94	1441,77
887,11	1554,41
887,28	1411,05
887,45	1458,15
887,61	1423,34
887,78	1411,05
887,95	1372,14
888,12	1464,30
888,28	1341,42
888,45	1464,30
888,62	1398,76
888,78	1546,22
888,95	1431,53
889,12	1400,81
889,29	1433,58
889,45	1398,76
889,62	1578,98
889,79	1480,68
889,95	1437,67
890,12	1423,34
890,29	1425,39
890,46	1415,15
890,62	1505,26
