178,13	1284,08
178,35	1284,08
178,57	1284,08
178,78	1312,75
179,00	1277,93
179,22	1480,68
179,44	1429,48
179,66	1366,00
179,87	1570,79
180,09	1431,53
180,31	1570,79
180,53	1439,72
180,75	1447,91
180,96	1357,80
181,18	1357,80
181,40	1390,57
181,62	1484,78
181,84	1456,11
182,05	1497,07
182,27	1447,91
182,49	1472,49
182,71	1439,72
182,92	1482,73
183,14	1423,34
183,36	1447,91
183,58	1417,19
183,80	1548,26
184,01	1431,53
184,23	1439,72
184,45	1521,64
184,67	1439,72
184,89	1488,87
185,10	1513,45
185,32	1464,30
185,54	1449,96
185,76	1562,60
185,97	1476,59
186,19	1359,85
186,41	1564,65
186,63	1427,43
186,84	1472,49
187,06	1468,39
187,28	1652,71
187,50	1384,43
187,72	1480,68
187,93	1521,64
188,15	1460,20
188,37	1460,20
188,59	1456,11
188,80	1474,54
189,02	1456,11
189,24	1415,15
189,46	1464,30
189,67	1558,50
189,89	1513,45
190,11	1351,66
190,33	1546,22
190,54	1538,02
190,76	1505,26
190,98	1431,53
191,20	1476,59
191,41	1392,62
191,63	1597,42
191,85	1415,15
192,07	1505,26
192,28	1472,49
192,50	1472,49
192,72	1431,53
192,94	1546,22
193,15	1443,82
193,37	1505,26
193,59	1540,07
193,81	1447,91
194,02	1513,45
194,24	1447,91
194,46	1447,91
194,67	1570,79
194,89	1425,39
195,11	1535,98
195,33	1499,11
195,54	1497,07
195,76	1472,49
195,98	1488,87
196,20	1464,30
196,41	1460,20
196,63	1533,93
196,85	1482,73
197,06	1460,20
197,28	1521,64
197,50	1415,15
197,72	1509,35
197,93	1497,07
198,15	1449,96
198,37	1454,06
198,58	1472,49
198,80	1456,11
199,02	1562,60
199,24	1357,80
199,45	1480,68
199,67	1460,20
199,89	1447,91
200,10	1456,11
200,32	1409,00
200,54	1411,05
200,76	1499,11
200,97	1509,35
201,19	1447,91
201,41	1452,01
201,62	1437,67
201,84	1456,11
202,06	1490,92
202,28	1497,07
202,49	1521,64
202,71	1552,36
202,93	1480,68
203,14	1449,96
203,36	1538,02
203,58	1480,68
203,79	1464,30
204,01	1472,49
204,23	1447,91
204,44	1533,93
204,66	1554,41
204,88	1529,83
205,10	1513,45
205,31	1472,49
205,53	1441,77
205,75	1492,97
205,96	1538,02
206,18	1460,20
206,40	1406,95
206,61	1435,63
206,83	1398,76
207,05	1452,01
207,26	1400,81
207,48	1474,54
207,70	1464,30
207,91	1529,83
208,13	1439,72
208,35	1456,11
208,56	1437,67
208,78	1480,68
209,00	1447,91
209,21	1521,64
209,43	1497,07
209,65	1464,30
209,86	1484,78
210,08	1443,82
210,30	1490,92
210,51	1480,68
210,73	1466,35
210,95	1431,53
211,16	1447,91
211,38	1406,95
211,60	1480,68
211,81	1452,01
212,03	1472,49
212,25	1521,64
212,46	1456,11
212,68	1499,11
212,90	1548,26
213,11	1423,34
213,33	1540,07
213,55	1480,68
213,76	1548,26
213,98	1409,00
214,20	1456,11
214,41	1398,76
214,63	1513,45
214,84	1499,11
215,06	1464,30
215,28	1509,35
215,49	1497,07
215,71	1583,08
215,93	1587,18
216,14	1400,81
216,36	1497,07
216,58	1433,58
216,79	1400,81
217,01	1431,53
217,22	1359,85
217,44	1607,66
217,66	1466,35
217,87	1501,16
218,09	1439,72
218,31	1476,59
218,52	1484,78
218,74	1505,26
218,95	1476,59
219,17	1419,24
219,39	1390,57
219,60	1546,22
219,82	1515,50
220,04	1476,59
220,25	1492,97
220,47	1497,07
220,68	1531,88
220,90	1452,01
221,12	1456,11
221,33	1406,95
221,55	1472,49
221,77	1433,58
221,98	1521,64
222,20	1523,69
222,41	1480,68
222,63	1480,68
222,85	1456,11
223,06	1476,59
223,28	1441,77
223,49	1505,26
223,71	1456,11
223,93	1521,64
224,14	1497,07
224,36	1529,83
224,57	1456,11
224,79	1492,97
225,01	1460,20
225,22	1472,49
225,44	1345,52
225,65	1492,97
225,87	1517,54
226,09	1439,72
226,30	1554,41
226,52	1374,19
226,73	1300,46
226,95	1511,40
227,17	1587,18
227,38	1425,39
227,60	1531,88
227,81	1464,30
228,03	1423,34
228,24	1488,87
228,46	1507,30
228,68	1523,69
228,89	1501,16
229,11	1456,11
229,32	1527,78
229,54	1402,86
229,75	1474,54
229,97	1456,11
230,19	1447,91
230,40	1499,11
230,62	1392,62
230,83	1488,87
231,05	1456,11
231,26	1505,26
231,48	1447,91
231,70	1578,98
231,91	1452,01
232,13	1531,88
232,34	1529,83
232,56	1415,15
232,77	1513,45
232,99	1447,91
233,21	1662,95
233,42	1400,81
233,64	1480,68
233,85	1484,78
234,07	1456,11
234,28	1480,68
234,50	1472,49
234,71	1501,16
234,93	1546,22
235,15	1417,19
235,36	1525,74
235,58	1431,53
235,79	1400,81
236,01	1402,86
236,22	1521,64
236,44	1574,89
236,65	1478,63
236,87	1529,83
237,08	1443,82
237,30	1558,50
237,52	1497,07
237,73	1337,32
237,95	1454,06
238,16	1402,86
238,38	1480,68
238,59	1415,15
238,81	1550,31
239,02	1464,30
239,24	1425,39
239,45	1492,97
239,67	1425,39
239,88	1476,59
240,10	1521,64
240,31	1546,22
240,53	1466,35
240,74	1474,54
240,96	1472,49
241,18	1497,07
241,39	1464,30
241,61	1439,72
241,82	1366,00
242,04	1419,24
242,25	1472,49
242,47	1443,82
242,68	1466,35
242,90	1447,91
243,11	1478,63
243,33	1466,35
243,54	1583,08
243,76	1345,52
243,97	1507,30
244,19	1464,30
244,40	1562,60
244,62	1406,95
244,83	1409,00
245,05	1480,68
245,26	1363,95
245,48	1488,87
245,69	1501,16
245,91	1443,82
246,12	1452,01
246,34	1486,83
246,55	1433,58
246,77	1398,76
246,98	1482,73
247,20	1464,30
247,41	1513,45
247,63	1460,20
247,84	1433,58
248,06	1619,94
248,27	1384,43
248,49	1439,72
248,70	1464,30
248,92	1390,57
249,13	1415,15
249,35	1452,01
249,56	1509,35
249,78	1376,24
249,99	1439,72
250,21	1607,66
250,42	1398,76
250,64	1488,87
250,85	1480,68
251,06	1570,79
251,28	1474,54
251,49	1497,07
251,71	1400,81
251,92	1497,07
252,14	1497,07
252,35	1406,95
252,57	1423,34
252,78	1572,84
253,00	1482,73
253,21	1425,39
253,43	1482,73
253,64	1456,11
253,86	1466,35
254,07	1454,06
254,28	1327,08
254,50	1505,26
254,71	1439,72
254,93	1443,82
255,14	1466,35
255,36	1497,07
255,57	1419,24
255,79	1472,49
256,00	1476,59
256,22	1411,05
256,43	1521,64
256,64	1603,56
256,86	1490,92
257,07	1464,30
257,29	1439,72
257,50	1411,05
257,72	1482,73
257,93	1423,34
258,15	1521,64
258,36	1423,34
258,57	1505,26
258,79	1490,92
259,00	1425,39
259,22	1490,92
259,43	1443,82
259,65	1501,16
259,86	1458,15
260,08	1435,63
260,29	1703,91
260,50	1505,26
260,72	1832,93
260,93	1382,38
261,15	1521,64
261,36	1439,72
261,58	1472,49
261,79	1468,39
262,00	1488,87
262,22	1587,18
262,43	1488,87
262,65	1466,35
262,86	1513,45
263,07	1533,93
263,29	1490,92
263,50	1466,35
263,72	1460,20
263,93	1531,88
264,15	1423,34
264,36	1435,63
264,57	1501,16
264,79	1574,89
265,00	1480,68
265,22	1456,11
265,43	1497,07
265,64	1497,07
265,86	1398,76
266,07	1431,53
266,29	1505,26
266,50	1482,73
266,71	1482,73
266,93	1316,84
267,14	1497,07
267,36	1433,58
267,57	1423,34
267,78	1433,58
268,00	1492,97
268,21	1505,26
268,43	1531,88
268,64	1458,15
268,85	1441,77
269,07	1417,19
269,28	1523,69
269,50	1406,95
269,71	1482,73
269,92	1525,74
270,14	1538,02
270,35	1409,00
270,56	1521,64
270,78	1449,96
270,99	1484,78
271,21	1505,26
271,42	1464,30
271,63	1497,07
271,85	1515,50
272,06	1388,52
272,27	1417,19
272,49	1476,59
272,70	1480,68
272,92	1540,07
273,13	1398,76
273,34	1525,74
273,56	1447,91
273,77	1531,88
273,98	1464,30
274,20	1484,78
274,41	1492,97
274,63	1423,34
274,84	1400,81
275,05	1462,25
275,27	1419,24
275,48	1482,73
275,69	1456,11
275,91	1509,35
276,12	1433,58
276,33	1480,68
276,55	1488,87
276,76	1474,54
276,97	1589,22
277,19	1427,43
277,40	1423,34
277,61	1484,78
277,83	1497,07
278,04	1456,11
278,26	1523,69
278,47	1492,97
278,68	1548,26
278,90	1464,30
279,11	1513,45
279,32	1505,26
279,54	1554,41
279,75	1417,19
279,96	1538,02
280,18	1449,96
280,39	1497,07
280,60	1437,67
280,82	1507,30
281,03	1443,82
281,24	1587,18
281,46	1478,63
281,67	1488,87
281,88	1449,96
282,10	1458,15
282,31	1476,59
282,52	1466,35
282,74	1417,19
282,95	1460,20
283,16	1464,30
283,37	1398,76
283,59	1497,07
283,80	1456,11
284,01	1578,98
284,23	1425,39
284,44	1423,34
284,65	1578,98
284,87	1435,63
285,08	1486,83
285,29	1574,89
285,51	1548,26
285,72	1415,15
285,93	1587,18
286,15	1468,39
286,36	1398,76
286,57	1505,26
286,78	1431,53
287,00	1472,49
287,21	1425,39
287,42	1476,59
287,64	1406,95
287,85	1513,45
288,06	1587,18
288,28	1411,05
288,49	1415,15
288,70	1488,87
288,91	1488,87
289,13	1558,50
289,34	1550,31
289,55	1439,72
289,77	1427,43
289,98	1468,39
290,19	1550,31
290,40	1464,30
290,62	1472,49
290,83	1460,20
291,04	1415,15
291,26	1417,19
291,47	1497,07
291,68	1548,26
291,89	1507,30
292,11	1566,70
292,32	1488,87
292,53	1497,07
292,74	1488,87
292,96	1441,77
293,17	1431,53
293,38	1562,60
293,60	1538,02
293,81	1423,34
294,02	1472,49
294,23	1488,87
294,45	1505,26
294,66	1439,72
294,87	1464,30
295,08	1423,34
295,30	1499,11
295,51	1570,79
295,72	1546,22
295,93	1546,22
296,15	1595,37
296,36	1619,94
296,57	1538,02
296,78	1488,87
297,00	1458,15
297,21	1458,15
297,42	1540,07
297,63	1452,01
297,85	1554,41
298,06	1480,68
298,27	1490,92
298,48	1431,53
298,70	1466,35
298,91	1554,41
299,12	1374,19
299,33	1521,64
299,55	1439,72
299,76	1361,90
299,97	1488,87
300,18	1456,11
300,40	1417,19
300,61	1466,35
300,82	1488,87
301,03	1466,35
301,24	1449,96
301,46	1449,96
301,67	1503,21
301,88	1409,00
302,09	1441,77
302,31	1449,96
302,52	1431,53
302,73	1568,74
302,94	1482,73
303,15	1386,47
303,37	1443,82
303,58	1357,80
303,79	1499,11
304,00	1490,92
304,22	1492,97
304,43	1591,27
304,64	1521,64
304,85	1464,30
305,06	1578,98
305,28	1472,49
305,49	1556,46
305,70	1513,45
305,91	1447,91
306,12	1499,11
306,34	1480,68
306,55	1488,87
306,76	1490,92
306,97	1613,80
307,18	1431,53
307,40	1456,11
307,61	1456,11
307,82	1521,64
308,03	1587,18
308,24	1447,91
308,46	1484,78
308,67	1411,05
308,88	1456,11
309,09	1558,50
309,30	1597,42
309,52	1439,72
309,73	1515,50
309,94	1394,67
310,15	1447,91
310,36	1546,22
310,57	1431,53
310,79	1460,20
311,00	1488,87
311,21	1415,15
311,42	1562,60
311,63	1513,45
311,85	1488,87
312,06	1464,30
312,27	1509,35
312,48	1556,46
312,69	1456,11
312,90	1578,98
313,12	1431,53
313,33	1523,69
313,54	1568,74
313,75	1359,85
313,96	1521,64
314,17	1466,35
314,39	1425,39
314,60	1480,68
314,81	1476,59
315,02	1374,19
315,23	1439,72
315,44	1509,35
315,65	1456,11
315,87	1431,53
316,08	1425,39
316,29	1415,15
316,50	1456,11
316,71	1398,76
316,92	1472,49
317,14	1415,15
317,35	1402,86
317,56	1464,30
317,77	1538,02
317,98	1456,11
318,19	1482,73
318,40	1439,72
318,62	1488,87
318,83	1529,83
319,04	1523,69
319,25	1488,87
319,46	1587,18
319,67	1488,87
319,88	1505,26
320,09	1480,68
320,31	1441,77
320,52	1484,78
320,73	1542,12
320,94	1417,19
321,15	1492,97
321,36	1449,96
321,57	1564,65
321,78	1474,54
322,00	1447,91
322,21	1492,97
322,42	1415,15
322,63	1570,79
322,84	1392,62
323,05	1505,26
323,26	1435,63
323,47	1515,50
323,69	1538,02
323,90	1431,53
324,11	1454,06
324,32	1480,68
324,53	1480,68
324,74	1425,39
324,95	1464,30
325,16	1464,30
325,37	1476,59
325,59	1390,57
325,80	1513,45
326,01	1382,38
326,22	1538,02
326,43	1497,07
326,64	1535,98
326,85	1538,02
327,06	1452,01
327,27	1404,91
327,48	1490,92
327,69	1611,75
327,91	1464,30
328,12	1490,92
328,33	1415,15
328,54	1423,34
328,75	1513,45
328,96	1550,31
329,17	1480,68
329,38	1474,54
329,59	1406,95
329,80	1742,82
330,01	1466,35
330,23	1488,87
330,44	1542,12
330,65	1488,87
330,86	1439,72
331,07	1478,63
331,28	1505,26
331,49	1480,68
331,70	1456,11
331,91	1390,57
332,12	1497,07
332,33	1488,87
332,54	1456,11
332,75	1558,50
332,96	1409,00
333,17	1449,96
333,39	1480,68
333,60	1521,64
333,81	1488,87
334,02	1398,76
334,23	1482,73
334,44	1406,95
334,65	1390,57
334,86	1460,20
335,07	1439,72
335,28	1456,11
335,49	1464,30
335,70	1488,87
335,91	1415,15
336,12	1415,15
336,33	1546,22
336,54	1439,72
336,75	1474,54
336,96	1406,95
337,17	1472,49
337,39	1411,05
337,60	1505,26
337,81	1523,69
338,02	1474,54
338,23	1460,20
338,44	1366,00
338,65	1464,30
338,86	1538,02
339,07	1525,74
339,28	1443,82
339,49	1513,45
339,70	1484,78
339,91	1447,91
340,12	1558,50
340,33	1431,53
340,54	1447,91
340,75	1452,01
340,96	1406,95
341,17	1456,11
341,38	1417,19
341,59	1538,02
341,80	1509,35
342,01	1466,35
342,22	1386,47
342,43	1423,34
342,64	1513,45
342,85	1415,15
343,06	1488,87
343,27	1419,24
343,48	1513,45
343,69	1419,24
343,90	1421,29
344,11	1439,72
344,32	1468,39
344,53	1499,11
344,74	1464,30
344,95	1458,15
345,16	1447,91
345,37	1482,73
345,58	1474,54
345,79	1439,72
346,00	1466,35
346,21	1447,91
346,42	1415,15
346,63	1402,86
346,84	1507,30
347,05	1417,19
347,26	1464,30
347,47	1439,72
347,68	1505,26
347,89	1523,69
348,10	1513,45
348,31	1488,87
348,52	1374,19
348,73	1480,68
348,94	1499,11
349,15	1503,21
349,36	1472,49
349,57	1402,86
349,78	1538,02
349,99	1456,11
350,20	1521,64
350,41	1464,30
350,62	1366,00
350,83	1501,16
351,04	1456,11
351,25	1443,82
351,46	1390,57
351,67	1480,68
351,88	1435,63
352,09	1472,49
352,30	1570,79
352,50	1499,11
352,71	1497,07
352,92	1402,86
353,13	1507,30
353,34	1415,15
353,55	1482,73
353,76	1411,05
353,97	1433,58
354,18	1439,72
354,39	1447,91
354,60	1538,02
354,81	1398,76
355,02	1550,31
355,23	1509,35
355,44	1415,15
355,65	1431,53
355,86	1419,24
356,07	1513,45
356,28	1505,26
356,48	1441,77
356,69	1492,97
356,90	1460,20
357,11	1447,91
357,32	1472,49
357,53	1517,54
357,74	1480,68
357,95	1480,68
358,16	1521,64
358,37	1406,95
358,58	1464,30
358,79	1454,06
359,00	1433,58
359,21	1423,34
359,41	1562,60
359,62	1484,78
359,83	1480,68
360,04	1447,91
360,25	1523,69
360,46	1464,30
360,67	1406,95
360,88	1439,72
361,09	1531,88
361,30	1445,87
361,51	1472,49
361,72	1409,00
361,92	1540,07
362,13	1474,54
362,34	1425,39
362,55	1441,77
362,76	1417,19
362,97	1447,91
363,18	1441,77
363,39	1558,50
363,60	1474,54
363,81	1472,49
364,01	1564,65
364,22	1505,26
364,43	1425,39
364,64	1406,95
364,85	1540,07
365,06	1423,34
365,27	1513,45
365,48	1417,19
365,69	1513,45
365,89	1423,34
366,10	1509,35
366,31	1439,72
366,52	1497,07
366,73	1542,12
366,94	1554,41
367,15	1433,58
367,36	1447,91
367,57	1554,41
367,77	1497,07
367,98	1507,30
368,19	1400,81
368,40	1505,26
368,61	1447,91
368,82	1443,82
369,03	1509,35
369,23	1572,84
369,44	1464,30
369,65	1409,00
369,86	1529,83
370,07	1515,50
370,28	1554,41
370,49	1488,87
370,70	1482,73
370,90	1406,95
371,11	1374,19
371,32	1447,91
371,53	1505,26
371,74	1456,11
371,95	1531,88
372,16	1351,66
372,36	1472,49
372,57	1484,78
372,78	1458,15
372,99	1476,59
373,20	1435,63
373,41	1378,28
373,61	1406,95
373,82	1611,75
374,03	1447,91
374,24	1513,45
374,45	1480,68
374,66	1423,34
374,86	1546,22
375,07	1505,26
375,28	1474,54
375,49	1398,76
375,70	1472,49
375,91	1413,10
376,11	1435,63
376,32	1439,72
376,53	1490,92
376,74	1538,02
376,95	1947,62
377,16	1507,30
377,36	1472,49
377,57	1554,41
377,78	1366,00
377,99	1501,16
378,20	1492,97
378,40	1497,07
378,61	1480,68
378,82	1488,87
379,03	1458,15
379,24	1529,83
379,45	1464,30
379,65	1460,20
379,86	1538,02
380,07	1490,92
380,28	1427,43
380,49	1540,07
380,69	1595,37
380,90	1662,95
381,11	1478,63
381,32	1509,35
381,53	1513,45
381,73	1529,83
381,94	1406,95
382,15	1523,69
382,36	1497,07
382,57	1488,87
382,77	1456,11
382,98	1488,87
383,19	1464,30
383,40	1517,54
383,60	1538,02
383,81	1484,78
384,02	1570,79
384,23	1406,95
384,44	1417,19
384,64	1480,68
384,85	1490,92
385,06	1482,73
385,27	1439,72
385,48	1554,41
385,68	1456,11
385,89	1423,34
386,10	1466,35
386,31	1449,96
386,51	1521,64
386,72	1409,00
386,93	1499,11
387,14	1505,26
387,34	1513,45
387,55	1394,67
387,76	1464,30
387,97	1490,92
388,17	1581,03
388,38	1464,30
388,59	1472,49
388,80	1490,92
389,01	1525,74
389,21	1456,11
389,42	1533,93
389,63	1529,83
389,84	1431,53
390,04	1431,53
390,25	1456,11
390,46	1497,07
390,67	1439,72
390,87	1472,49
391,08	1464,30
391,29	1480,68
391,49	1456,11
391,70	1464,30
391,91	1466,35
392,12	1474,54
392,32	1472,49
392,53	1531,88
392,74	1447,91
392,95	1439,72
393,15	1538,02
393,36	1431,53
393,57	1439,72
393,78	1529,83
393,98	1540,07
394,19	1497,07
394,40	1611,75
394,60	1490,92
394,81	1513,45
395,02	1411,05
395,23	1507,30
395,43	1542,12
395,64	1505,26
395,85	1415,15
396,06	1406,95
396,26	1480,68
396,47	1417,19
396,68	1415,15
396,88	1546,22
397,09	1409,00
397,30	1529,83
397,50	1433,58
397,71	1423,34
397,92	1456,11
398,13	1611,75
398,33	1409,00
398,54	1439,72
398,75	1441,77
398,95	1570,79
399,16	1562,60
399,37	1409,00
399,57	1599,46
399,78	1482,73
399,99	1482,73
400,20	1587,18
400,40	1464,30
400,61	1419,24
400,82	1374,19
401,02	1415,15
401,23	1570,79
401,44	1439,72
401,64	1556,46
401,85	1511,40
402,06	1509,35
402,26	1538,02
402,47	1480,68
402,68	1644,52
402,88	1318,89
403,09	1501,16
403,30	1509,35
403,50	1423,34
403,71	1521,64
403,92	1464,30
404,12	1390,57
404,33	1529,83
404,54	1566,70
404,74	1693,67
404,95	1837,03
405,16	1718,25
405,36	1648,61
405,57	1554,41
405,78	1546,22
405,98	1540,07
406,19	1466,35
406,40	1447,91
406,60	1505,26
406,81	1497,07
407,02	1523,69
407,22	1480,68
407,43	1415,15
407,64	1513,45
407,84	1472,49
408,05	1488,87
408,26	1484,78
408,46	1578,98
408,67	1572,84
408,87	1398,76
409,08	1433,58
409,29	1595,37
409,49	1415,15
409,70	1542,12
409,91	1611,75
410,11	1538,02
410,32	1509,35
410,53	1443,82
410,73	1415,15
410,94	1480,68
411,14	1423,34
411,35	1499,11
411,56	1431,53
411,76	1624,04
411,97	1488,87
412,18	1488,87
412,38	1361,90
412,59	1466,35
412,79	1431,53
413,00	1597,42
413,21	1447,91
413,41	1548,26
413,62	1445,87
413,82	1554,41
414,03	1562,60
414,24	1501,16
414,44	1394,67
414,65	1476,59
414,86	1488,87
415,06	1535,98
415,27	1540,07
415,47	1525,74
415,68	1521,64
415,89	1546,22
416,09	1409,00
416,30	1499,11
416,50	1464,30
416,71	1521,64
416,92	1499,11
417,12	1492,97
417,33	1452,01
417,53	1374,19
417,74	1480,68
417,94	1554,41
418,15	1562,60
418,36	1521,64
418,56	1431,53
418,77	1492,97
418,97	1439,72
419,18	1515,50
419,39	1480,68
419,59	1505,26
419,80	1449,96
420,00	1441,77
420,21	1456,11
420,41	1525,74
420,62	1533,93
420,83	1431,53
421,03	1488,87
421,24	1439,72
421,44	1505,26
421,65	1497,07
421,85	1484,78
422,06	1423,34
422,27	1550,31
422,47	1456,11
422,68	1507,30
422,88	1482,73
423,09	1423,34
423,29	1531,88
423,50	1531,88
423,70	1431,53
423,91	1507,30
424,12	1431,53
424,32	1497,07
424,53	1513,45
424,73	1578,98
424,94	1554,41
425,14	1490,92
425,35	1497,07
425,55	1515,50
425,76	1578,98
425,96	1542,12
426,17	1447,91
426,37	1529,83
426,58	1546,22
426,79	1548,26
426,99	1550,31
427,20	1509,35
427,40	1521,64
427,61	1499,11
427,81	1521,64
428,02	1480,68
428,22	1540,07
428,43	1535,98
428,63	1550,31
428,84	1480,68
429,04	1423,34
429,25	1603,56
429,45	1644,52
429,66	1581,03
429,86	1488,87
430,07	1505,26
430,27	1572,84
430,48	1603,56
430,68	1429,48
430,89	1581,03
431,09	1546,22
431,30	1441,77
431,50	1472,49
431,71	1603,56
431,91	1476,59
432,12	1472,49
432,32	1548,26
432,53	1521,64
432,73	1480,68
432,94	1456,11
433,14	1497,07
433,35	1538,02
433,55	1523,69
433,76	1411,05
433,96	1513,45
434,17	1554,41
434,37	1490,92
434,58	1523,69
434,78	1521,64
434,99	1513,45
435,19	1695,72
435,40	1931,23
435,60	2140,13
435,81	2539,48
436,01	2588,63
436,22	2668,50
436,42	2389,98
436,63	2228,19
436,83	2152,42
437,04	2043,87
437,24	1779,68
437,45	1710,05
437,65	1603,56
437,86	1505,26
438,06	1597,42
438,26	1578,98
438,47	1562,60
438,67	1484,78
438,88	1529,83
439,08	1480,68
439,29	1538,02
439,49	1497,07
439,70	1540,07
439,90	1513,45
440,11	1587,18
440,31	1554,41
440,52	1556,46
440,72	1652,71
440,92	1509,35
441,13	1497,07
441,33	1656,81
441,54	1587,18
441,74	1542,12
441,95	1521,64
442,15	1701,86
442,36	1701,86
442,56	1638,38
442,76	1525,74
442,97	1480,68
443,17	1466,35
443,38	1546,22
443,58	1497,07
443,79	1513,45
443,99	1542,12
444,19	1619,94
444,40	1531,88
444,60	1554,41
444,81	1497,07
445,01	1550,31
445,22	1464,30
445,42	1513,45
445,62	1521,64
445,83	1488,87
446,03	1613,80
446,24	1556,46
446,44	1529,83
446,64	1507,30
446,85	1488,87
447,05	1476,59
447,26	1603,56
447,46	1564,65
447,67	1460,20
447,87	1505,26
448,07	1587,18
448,28	1497,07
448,48	1644,52
448,69	1521,64
448,89	1484,78
449,09	1538,02
449,30	1521,64
449,50	1409,00
449,71	1488,87
449,91	1538,02
450,11	1564,65
450,32	1572,84
450,52	1472,49
450,72	1523,69
450,93	1554,41
451,13	1511,40
451,34	1570,79
451,54	1499,11
451,74	1644,52
451,95	1560,55
452,15	1546,22
452,36	1480,68
452,56	1562,60
452,76	1603,56
452,97	1458,15
453,17	1507,30
453,37	1497,07
453,58	1460,20
453,78	1509,35
453,98	1572,84
454,19	1554,41
454,39	1439,72
454,60	1505,26
454,80	1624,04
455,00	1677,29
455,21	1505,26
455,41	1513,45
455,61	1628,14
455,82	1431,53
456,02	1570,79
456,22	1538,02
456,43	1488,87
456,63	1619,94
456,84	1558,50
457,04	1589,22
457,24	1554,41
457,45	1624,04
457,65	1521,64
457,85	1591,27
458,06	1464,30
458,26	1521,64
458,46	1529,83
458,67	1423,34
458,87	1644,52
459,07	1611,75
459,28	1578,98
459,48	1540,07
459,68	1542,12
459,89	1521,64
460,09	1509,35
460,29	1656,81
460,50	1505,26
460,70	1433,58
460,90	1550,31
461,11	1513,45
461,31	1652,71
461,51	1626,09
461,72	1550,31
461,92	1505,26
462,12	1572,84
462,32	1619,94
462,53	1601,51
462,73	2015,20
462,93	1466,35
463,14	1671,14
463,34	1615,85
463,54	1546,22
463,75	1589,22
463,95	1533,93
464,15	1722,34
464,36	1546,22
464,56	1611,75
464,76	1517,54
464,96	1578,98
465,17	1505,26
465,37	1513,45
465,57	1554,41
465,78	1681,38
465,98	1589,22
466,18	1507,30
466,39	1538,02
466,59	1603,56
466,79	1578,98
466,99	1615,85
467,20	1595,37
467,40	1540,07
467,60	1546,22
467,81	1599,46
468,01	1738,73
468,21	1578,98
468,41	1578,98
468,62	1726,44
468,82	1587,18
469,02	1619,94
469,22	1562,60
469,43	1611,75
469,63	1607,66
469,83	1589,22
470,04	1685,48
470,24	1636,33
470,44	1572,84
470,64	1636,33
470,85	1652,71
471,05	1546,22
471,25	1701,86
471,45	1607,66
471,66	1677,29
471,86	1619,94
472,06	1595,37
472,26	1703,91
472,47	1652,71
472,67	1718,25
472,87	1677,29
473,07	1791,97
473,28	1693,67
473,48	1701,86
473,68	1763,30
473,88	1728,49
474,09	1628,14
474,29	1701,86
474,49	1712,10
474,69	1669,09
474,90	1693,67
475,10	1777,64
475,30	1849,32
475,50	1679,33
475,70	1613,80
475,91	1744,87
476,11	1701,86
476,31	1820,64
476,51	1714,15
476,72	1826,79
476,92	1685,48
477,12	1849,32
477,32	1726,44
477,53	1851,36
477,73	1794,02
477,93	1742,82
478,13	1775,59
478,33	1720,29
478,54	1767,40
478,74	1884,13
478,94	1777,64
479,14	1804,26
479,34	1822,69
479,55	1832,93
479,75	1859,56
479,95	1820,64
480,15	1875,94
480,35	1933,28
480,56	1796,07
480,76	1964,00
480,96	1898,47
481,16	1898,47
481,36	1892,32
481,57	1832,93
481,77	1875,94
481,97	1906,66
482,17	2000,87
482,37	1951,71
482,58	1964,00
482,78	1931,23
482,98	2013,15
483,18	2029,54
483,38	2054,11
483,58	2123,74
483,79	2050,02
483,99	2070,50
484,19	2082,78
484,39	1998,82
484,59	2111,46
484,80	2129,89
485,00	2176,99
485,20	2103,26
485,40	2275,29
485,60	2254,81
485,80	2152,42
486,01	2263,01
486,21	2226,14
486,41	2418,65
486,61	2439,13
486,81	2357,21
487,01	2275,29
487,22	2389,98
487,42	2389,98
487,62	2408,41
487,82	2340,83
488,02	2449,37
488,22	2457,56
488,42	2639,83
488,63	2570,20
488,83	2537,43
489,03	2629,59
489,23	2637,78
489,43	2607,06
489,63	2811,86
489,83	2619,35
490,04	2785,24
490,24	2826,20
490,44	2791,38
490,64	2746,33
490,84	2777,05
491,04	2908,12
491,24	2873,30
491,44	2865,11
491,65	2963,41
491,85	3022,80
492,05	3045,33
492,25	3069,91
492,45	2983,89
492,65	3274,70
492,85	3127,25
493,05	3217,36
493,26	3370,96
493,46	3332,05
493,66	3373,00
493,86	3373,00
494,06	3430,35
494,26	3561,42
494,46	3606,47
494,66	3577,80
494,86	3618,76
495,07	3958,72
495,27	3823,56
495,47	4024,26
495,67	4011,97
495,87	4153,28
496,07	4016,07
496,27	4122,56
496,47	4227,01
496,67	4376,51
496,87	4431,80
497,08	4462,52
497,28	4521,92
497,48	4536,25
497,68	4661,18
497,88	4794,29
498,08	4851,64
498,28	4880,31
498,48	5003,19
498,68	5089,20
498,88	5244,85
499,08	5414,83
499,29	5486,51
499,49	5472,17
499,69	5461,93
499,89	5758,89
500,09	5814,18
500,29	6014,88
500,49	6215,59
500,69	6150,05
500,89	6313,89
501,09	6408,09
501,29	6510,49
501,49	6578,08
501,69	6944,66
501,89	6866,84
502,09	7403,41
502,30	7206,80
502,50	7514,00
502,70	7626,64
502,90	7698,31
503,10	7952,26
503,30	8161,16
503,50	8267,65
503,70	8312,71
503,90	8546,17
504,10	8984,44
504,30	8998,77
504,50	9295,73
504,70	9529,20
504,90	9746,28
505,10	9877,35
505,30	10123,11
505,50	10325,86
505,70	10671,97
505,90	11026,26
506,10	11401,04
506,30	11671,37
506,50	11638,61
506,70	12113,74
506,90	12334,92
507,11	12531,52
507,31	12994,36
507,51	13133,62
507,71	13770,54
507,91	13965,10
508,11	14374,69
508,31	14827,29
508,51	14800,67
508,71	15392,53
508,91	15943,44
509,11	16406,28
509,31	16598,79
509,51	17037,05
509,71	17733,36
509,91	17596,15
510,11	18245,35
510,31	18951,90
510,51	19416,79
510,71	19883,73
510,91	20395,72
511,11	20809,41
511,31	21397,18
511,51	22060,72
511,71	22574,76
511,91	23197,34
512,11	23844,50
512,31	24270,48
512,51	24807,05
512,71	25192,06
512,91	25656,95
513,11	26402,41
513,31	27307,62
513,51	27891,29
513,71	28229,20
513,91	29331,01
514,11	29910,58
514,31	30887,46
514,51	31211,04
514,71	32149,01
514,90	33117,70
515,10	33582,59
515,30	34303,48
515,50	34790,89
515,70	36001,24
515,90	36824,53
516,10	36924,88
516,30	37893,57
516,50	38561,20
516,70	39529,89
516,90	40215,96
517,10	41387,40
517,30	41995,65
517,50	42454,39
517,70	43257,20
517,90	44309,85
518,10	44615,00
518,30	45520,20
518,50	46736,69
518,70	47027,51
518,90	47949,09
519,10	49030,42
519,30	48989,46
519,50	49753,35
519,69	50337,02
519,89	51121,40
520,09	51940,58
520,29	52194,53
520,49	52548,83
520,69	53769,42
520,89	54357,19
521,09	54729,92
521,29	56036,52
521,49	55667,89
521,69	56886,43
521,89	57033,88
522,09	57431,19
522,29	57617,55
522,48	58279,05
522,68	58780,80
522,88	58938,49
523,08	58813,57
523,28	59769,97
523,48	59518,07
523,68	59950,19
523,88	60566,63
524,08	60435,56
524,28	60812,38
524,48	60677,22
524,68	61148,25
524,87	60886,11
525,07	60533,86
525,27	61107,29
525,47	61428,82
525,67	61017,18
525,87	61008,99
526,07	60771,42
526,27	61260,89
526,47	60763,23
526,67	60558,44
526,86	60646,50
527,06	60361,83
527,26	60628,07
527,46	60531,81
527,66	59982,96
527,86	59837,55
528,06	60267,62
528,26	59780,21
528,46	58975,36
528,65	59092,09
528,85	58776,70
529,05	57758,86
529,25	57658,51
529,45	57846,93
529,65	56939,68
529,85	56738,97
530,05	55760,05
530,24	55932,07
530,44	55770,28
530,64	54813,88
530,84	54680,77
531,04	53478,61
531,24	53304,53
531,44	53331,15
531,63	52122,85
531,83	52290,79
532,03	51995,88
532,23	51084,53
532,43	50277,63
532,63	50187,52
532,83	49448,21
533,02	49040,66
533,22	48340,25
533,42	47656,23
533,62	47633,71
533,82	47009,07
534,02	46130,50
534,22	45720,90
534,41	45296,97
534,61	44539,22
534,81	44051,81
535,01	43986,27
535,21	43441,51
535,41	43128,17
535,60	41592,20
535,80	41852,29
536,00	41397,64
536,20	40170,91
536,40	40279,45
536,60	39855,52
536,79	39669,15
536,99	38978,99
537,19	38747,57
537,39	37643,71
537,59	37922,24
537,78	36902,35
537,98	36232,66
538,18	35778,01
538,38	35978,72
538,58	35218,92
538,77	35507,68
538,97	34117,11
539,17	34119,16
539,37	33670,65
539,57	32996,87
539,77	33109,51
539,96	32650,77
540,16	32488,98
540,36	32003,61
540,56	31684,12
540,76	31088,17
540,95	30840,36
541,15	30533,17
541,35	30262,83
541,55	30033,46
541,74	29445,69
541,94	29496,89
542,14	28780,10
542,34	28902,98
542,54	28591,69
542,73	27821,66
542,93	27473,50
543,13	27170,40
543,33	27227,74
543,53	26981,99
543,72	26697,32
543,92	26502,76
544,12	26238,58
544,32	25638,52
544,51	25826,93
544,71	25200,26
544,91	24968,84
545,11	24886,92
545,30	24858,24
545,50	24716,93
545,70	24845,96
545,90	24639,11
546,10	24434,32
546,29	25206,40
546,49	24649,35
546,69	23959,19
546,89	23549,59
547,08	23178,91
547,28	22599,34
547,48	22202,03
547,68	22062,77
547,87	21503,67
548,07	21282,49
548,27	20981,44
548,47	20694,72
548,66	20504,26
548,86	20215,50
549,06	19818,19
549,25	19719,89
549,45	19345,11
549,65	19463,90
549,85	19019,49
550,04	18822,88
550,24	18560,74
550,44	18341,61
550,64	18120,43
550,83	17856,24
551,03	17452,79
551,23	17274,62
551,43	17311,48
551,62	17020,67
551,82	16844,54
552,02	16396,04
552,21	16004,88
552,41	16389,89
552,61	16193,29
552,81	15556,37
553,00	15456,02
553,20	15099,67
553,40	15353,62
553,59	14984,99
553,79	14978,84
553,99	14548,77
554,18	14268,20
554,38	14243,62
554,58	14092,07
554,78	13961,00
554,97	13670,19
555,17	13598,51
555,37	13444,91
555,56	13190,97
555,76	13098,81
555,96	12949,31
556,15	12695,36
556,35	12453,70
556,55	12605,25
556,74	12386,12
556,94	12048,20
557,14	11790,16
557,34	11757,39
557,53	11626,32
557,73	11534,16
557,93	11296,60
558,12	10930,01
558,32	10714,97
558,52	11003,74
558,71	10751,84
558,91	10631,01
559,11	10653,53
559,30	10233,70
559,50	10250,08
559,70	10254,18
559,89	10123,11
560,09	9957,22
560,29	9879,40
560,48	9623,41
560,68	9580,40
560,88	9394,03
561,07	9346,93
561,27	9381,74
561,46	9215,86
561,66	9107,32
561,86	8656,76
562,05	8734,59
562,25	8722,30
562,45	8544,13
562,64	8380,29
562,84	8525,69
563,04	8470,40
563,23	8386,43
563,43	8181,64
563,63	8159,11
563,82	7993,22
564,02	7894,92
564,21	7782,28
564,41	7681,93
564,61	7733,13
564,80	7716,75
565,00	7501,71
565,20	7522,19
565,39	7329,68
565,59	7264,15
565,78	7307,15
565,98	7411,60
566,18	7016,34
566,37	6952,85
566,57	6944,66
566,77	7002,01
566,96	6784,92
567,16	6764,44
567,35	6612,89
567,55	6682,52
567,75	6586,27
567,94	6604,70
568,14	6606,75
568,33	6383,52
568,53	6354,85
568,73	6395,81
568,92	6215,59
569,12	6199,20
569,31	5980,07
569,51	6100,90
569,71	6004,64
569,90	5832,62
570,10	5857,19
570,29	5978,02
570,49	5801,90
570,69	5744,55
570,88	5840,81
571,08	5519,28
571,27	5373,87
571,47	5572,52
571,66	5498,80
571,86	5445,55
572,06	5461,93
572,25	5390,25
572,45	5257,14
572,64	5177,26
572,84	5302,19
573,03	5277,62
573,23	5248,94
573,43	4978,61
573,62	5072,82
573,82	5046,20
574,01	4970,42
574,21	4949,94
574,40	4886,45
574,60	4880,31
574,79	5021,62
574,99	4896,69
575,19	4929,46
575,38	4691,90
575,58	4687,80
575,77	4718,52
575,97	4642,75
576,16	4550,59
576,36	4425,66
576,55	4638,65
576,75	4552,63
576,94	4634,55
577,14	4585,40
577,34	4683,70
577,53	4519,87
577,73	4478,91
577,92	4343,74
578,12	4528,06
578,31	4286,40
578,51	4372,41
578,70	4425,66
578,90	4257,73
579,09	4437,95
579,29	4339,65
579,48	4282,30
579,68	4276,16
579,87	4202,43
580,07	3954,63
580,26	3983,30
580,46	3837,89
580,65	4007,87
580,85	3741,64
581,04	3921,86
581,24	3762,12
581,43	3733,45
581,63	3622,86
581,82	3762,12
582,02	3798,98
582,21	3647,43
582,41	3676,10
582,60	3573,71
582,80	3659,72
582,99	3585,99
583,19	3571,66
583,38	3446,73
583,58	3405,77
583,77	3606,47
583,97	3397,58
584,16	3432,40
584,36	3323,85
584,55	3381,20
584,75	3373,00
584,94	3291,09
585,14	3506,12
585,33	3198,93
585,53	3340,24
585,72	3309,52
585,92	3309,52
586,11	3217,36
586,31	3227,60
586,50	3311,57
586,70	3250,13
586,89	3119,06
587,09	3203,02
587,28	3057,62
587,47	3188,69
587,67	3110,86
587,86	3135,44
588,06	3088,34
588,25	3061,71
588,45	3110,86
588,64	3094,48
588,84	3008,47
589,03	3037,14
589,23	2912,21
589,42	2981,84
589,61	2990,03
589,81	2916,31
590,00	2897,88
590,20	2992,08
590,39	2930,64
590,59	2832,34
590,78	2852,82
590,98	2906,07
591,17	2795,48
591,36	2766,81
591,56	2934,74
591,75	2783,19
591,95	2793,43
592,14	2676,70
592,34	2815,96
592,53	2775,00
592,72	2781,14
592,92	2858,96
593,11	2729,94
593,31	2711,51
593,50	2787,29
593,69	2725,85
593,89	2637,78
594,08	2695,13
594,28	2734,04
594,47	2678,74
594,67	2734,04
594,86	2629,59
595,05	2496,47
595,25	2676,70
595,44	2514,91
595,64	2725,85
595,83	2645,98
596,02	2627,54
596,22	2525,15
596,41	2504,67
596,61	2545,63
596,80	2545,63
596,99	2635,74
597,19	2463,71
597,38	2545,63
597,58	2488,28
597,77	2451,42
597,96	2422,75
598,16	2539,48
598,35	2566,10
598,54	2471,90
598,74	2377,69
598,93	2394,08
599,13	2320,35
599,32	2430,94
599,51	2334,68
599,71	2435,03
599,90	2361,31
600,09	2457,56
600,29	2432,99
600,48	2430,94
600,68	2422,75
600,87	2465,75
601,06	2512,86
601,26	2299,87
601,45	2283,49
601,64	2250,72
601,84	2324,44
602,03	2365,40
602,22	2439,13
602,42	2312,16
602,61	2222,05
602,80	2271,20
603,00	2283,49
603,19	2203,61
603,38	2334,68
603,58	2283,49
603,77	2301,92
603,96	2234,33
604,16	2293,72
604,35	2263,01
604,54	2326,49
604,74	2287,58
604,93	2267,10
605,12	2164,70
605,32	2146,27
605,51	2187,23
605,70	2193,37
605,90	2176,99
606,09	2277,34
606,28	2103,26
606,48	2154,46
606,67	2179,04
606,86	2226,14
607,06	2041,82
607,25	2095,07
607,44	2113,50
607,64	2111,46
607,83	2144,22
608,02	2043,87
608,22	2144,22
608,41	2160,61
608,60	2111,46
608,79	2138,08
608,99	2099,17
609,18	2226,14
609,37	2066,40
609,57	2242,53
609,76	2105,31
609,95	2062,30
610,15	2220,00
610,34	2152,42
610,53	2170,85
610,72	2250,72
610,92	2209,76
611,11	2254,81
611,30	2295,77
611,50	2377,69
611,69	2426,84
611,88	2426,84
612,07	2398,17
612,27	2242,53
612,46	2252,77
612,65	2211,81
612,84	2263,01
613,04	2250,72
613,23	2234,33
613,42	2164,70
613,62	2164,70
613,81	2162,66
614,00	2144,22
614,19	2095,07
614,39	2111,46
614,58	2138,08
614,77	2127,84
614,96	2095,07
615,16	2111,46
615,35	2127,84
615,54	2078,69
615,73	2070,50
615,93	2144,22
616,12	2148,32
616,31	2000,87
616,50	2080,74
616,70	1943,52
616,89	2021,35
617,08	2095,07
617,27	1990,63
617,47	1992,67
617,66	2062,30
617,85	1951,71
618,04	1966,05
618,23	1990,63
618,43	1935,33
618,62	1955,81
618,81	2037,73
619,00	1988,58
619,20	1914,85
619,39	1984,48
619,58	1980,39
619,77	1918,95
619,96	1972,19
620,16	2041,82
620,35	2004,96
620,54	1890,28
620,73	1882,08
620,93	1955,81
621,12	1910,75
621,31	1882,08
621,50	2033,63
621,69	1939,43
621,89	1886,18
622,08	1923,04
622,27	1857,51
622,46	1896,42
622,65	1955,81
622,85	1826,79
623,04	2000,87
623,23	1914,85
623,42	1873,89
623,61	1906,66
623,81	2013,15
624,00	1853,41
624,19	1955,81
624,38	1976,29
624,57	1920,99
624,76	1925,09
624,96	1783,78
625,15	1841,12
625,34	1800,16
625,53	1906,66
625,72	1882,08
625,91	1861,60
626,11	1869,80
626,30	1875,94
626,49	1900,52
626,68	1853,41
626,87	1947,62
627,06	1841,12
627,26	1859,56
627,45	1849,32
627,64	1933,28
627,83	1931,23
628,02	1734,63
628,21	1890,28
628,41	1816,55
628,60	1824,74
628,79	1816,55
628,98	1914,85
629,17	1744,87
629,36	1816,55
629,55	1824,74
629,75	1800,16
629,94	1755,11
630,13	1794,02
630,32	1791,97
630,51	1791,97
630,70	1865,70
630,89	1841,12
631,09	1873,89
631,28	1783,78
631,47	1873,89
631,66	1812,45
631,85	1800,16
632,04	1751,01
632,23	1791,97
632,42	1689,57
632,62	1785,83
632,81	1759,21
633,00	1841,12
633,19	1695,72
633,38	1728,49
633,57	1726,44
633,76	1746,92
633,95	1697,77
634,14	1738,73
634,34	1712,10
634,53	1669,09
634,72	1746,92
634,91	1853,41
635,10	1654,76
635,29	1767,40
635,48	1869,80
635,67	1630,18
635,86	1673,19
636,05	1718,25
636,24	1734,63
636,44	1628,14
636,63	1810,40
636,82	1726,44
637,01	1779,68
637,20	1660,90
637,39	1710,05
637,58	1730,53
637,77	1689,57
637,96	1783,78
638,15	1660,90
638,34	1587,18
638,53	1734,63
638,73	1744,87
638,92	1677,29
639,11	1734,63
639,30	1714,15
639,49	1701,86
639,68	1703,91
639,87	1628,14
640,06	1644,52
640,25	1712,10
640,44	1710,05
640,63	1718,25
640,82	1718,25
641,01	1695,72
641,20	1665,00
641,39	1628,14
641,58	1636,33
641,77	1636,33
641,96	1656,81
642,16	1677,29
642,35	1728,49
642,54	1742,82
642,73	1632,23
642,92	1677,29
643,11	1755,11
643,30	1587,18
643,49	1578,98
643,68	1701,86
643,87	1630,18
644,06	1564,65
644,25	1599,46
644,44	1607,66
644,63	1701,86
644,82	1562,60
645,01	1636,33
645,20	1595,37
645,39	1679,33
645,58	1574,89
645,77	1603,56
645,96	1677,29
646,15	1615,85
646,34	1777,64
646,53	1595,37
646,72	1607,66
646,91	1628,14
647,10	1570,79
647,29	1607,66
647,48	1587,18
647,67	1617,90
647,86	1587,18
648,05	1597,42
648,24	1636,33
648,43	1718,25
648,62	1572,84
648,81	1554,41
649,00	1644,52
649,19	1669,09
649,38	1597,42
649,57	1619,94
649,76	1597,42
649,95	1587,18
650,14	1595,37
650,33	1578,98
650,52	1611,75
650,71	1521,64
650,90	1652,71
651,09	1589,22
651,28	1685,48
651,47	1644,52
651,66	1523,69
651,85	1581,03
652,04	1521,64
652,23	1472,49
652,42	1564,65
652,61	1538,02
652,80	1693,67
652,99	1535,98
653,17	1578,98
653,36	1578,98
653,55	1595,37
653,74	1513,45
653,93	1529,83
654,12	1636,33
654,31	1505,26
654,50	1523,69
654,69	1628,14
654,88	1669,09
655,07	1621,99
655,26	1519,59
655,45	1542,12
655,64	1611,75
655,83	1570,79
656,02	1554,41
656,21	1548,26
656,39	1538,02
656,58	1542,12
656,77	1427,43
656,96	1538,02
657,15	1646,57
657,34	1630,18
657,53	1511,40
657,72	1585,13
657,91	1587,18
658,10	1488,87
658,29	1482,73
658,48	1546,22
658,67	1546,22
658,85	1548,26
659,04	1431,53
659,23	1578,98
659,42	1554,41
659,61	1497,07
659,80	1578,98
659,99	1591,27
660,18	1529,83
660,37	1531,88
660,56	1546,22
660,74	1587,18
660,93	1482,73
661,12	1595,37
661,31	1499,11
661,50	1548,26
661,69	1488,87
661,88	1566,70
662,07	1599,46
662,26	1624,04
662,44	1480,68
662,63	1621,99
662,82	1456,11
663,01	1574,89
663,20	1554,41
663,39	1554,41
663,58	1562,60
663,77	1574,89
663,95	1531,88
664,14	1603,56
664,33	1497,07
664,52	1466,35
664,71	1585,13
664,90	1546,22
665,09	1456,11
665,27	1636,33
665,46	1472,49
665,65	1505,26
665,84	1497,07
666,03	1497,07
666,22	1538,02
666,41	1662,95
666,59	1525,74
666,78	1490,92
666,97	1476,59
667,16	1554,41
667,35	1564,65
667,54	1548,26
667,72	1476,59
667,91	1578,98
668,10	1529,83
668,29	1488,87
668,48	1562,60
668,67	1562,60
668,85	1591,27
669,04	1597,42
669,23	1521,64
669,42	1492,97
669,61	1507,30
669,80	1533,93
669,98	1556,46
670,17	1595,37
670,36	1513,45
670,55	1439,72
670,74	1480,68
670,92	1529,83
671,11	1527,78
671,30	1556,46
671,49	1628,14
671,68	1599,46
671,86	1499,11
672,05	1628,14
672,24	1603,56
672,43	1456,11
672,62	1538,02
672,80	1423,34
672,99	1497,07
673,18	1497,07
673,37	1497,07
673,56	1492,97
673,74	1492,97
673,93	1517,54
674,12	1583,08
674,31	1488,87
674,50	1529,83
674,68	1439,72
674,87	1497,07
675,06	1538,02
675,25	1460,20
675,43	1474,54
675,62	1523,69
675,81	1466,35
676,00	1546,22
676,19	1581,03
676,37	1474,54
676,56	1474,54
676,75	1468,39
676,94	1562,60
677,12	1548,26
677,31	1513,45
677,50	1456,11
677,69	1476,59
677,87	1415,15
678,06	1578,98
678,25	1474,54
678,44	1529,83
678,62	1488,87
678,81	1509,35
679,00	1611,75
679,19	1509,35
679,37	1417,19
679,56	1439,72
679,75	1529,83
679,94	1554,41
680,12	1558,50
680,31	1554,41
680,50	1546,22
680,68	1570,79
680,87	1390,57
681,06	1492,97
681,25	1505,26
681,43	1531,88
681,62	1523,69
681,81	1484,78
682,00	1466,35
682,18	1456,11
682,37	1515,50
682,56	1433,58
682,74	1587,18
682,93	1556,46
683,12	1480,68
683,31	1476,59
683,49	1462,25
683,68	1476,59
683,87	1521,64
684,05	1482,73
684,24	1554,41
684,43	1488,87
684,61	1476,59
684,80	1425,39
684,99	1466,35
685,18	1409,00
685,36	1433,58
685,55	1562,60
685,74	1492,97
685,92	1595,37
686,11	1472,49
686,30	1439,72
686,48	1550,31
686,67	1488,87
686,86	1513,45
687,04	1456,11
687,23	1431,53
687,42	1472,49
687,60	1505,26
687,79	1472,49
687,98	1513,45
688,16	1538,02
688,35	1515,50
688,54	1687,53
688,72	1943,52
688,91	1466,35
689,10	1542,12
689,28	1431,53
689,47	1556,46
689,66	1578,98
689,84	1542,12
690,03	1419,24
690,22	1509,35
690,40	1521,64
690,59	1566,70
690,78	1443,82
690,96	1452,01
691,15	1398,76
691,34	1490,92
691,52	1497,07
691,71	1474,54
691,89	1447,91
692,08	1431,53
692,27	1546,22
692,45	1589,22
692,64	1505,26
692,83	1447,91
693,01	1497,07
693,20	1562,60
693,38	1447,91
693,57	1472,49
693,76	1488,87
693,94	1581,03
694,13	1640,42
694,32	1431,53
694,50	1621,99
694,69	1464,30
694,87	1574,89
695,06	1474,54
695,25	1499,11
695,43	1605,61
695,62	1423,34
695,80	1611,75
695,99	1435,63
696,18	1476,59
696,36	1497,07
696,55	1480,68
696,73	1476,59
696,92	1550,31
697,11	1513,45
697,29	1513,45
697,48	1497,07
697,66	1570,79
697,85	1441,77
698,04	1538,02
698,22	1540,07
698,41	1480,68
698,59	1456,11
698,78	1417,19
698,96	1458,15
699,15	1474,54
699,34	1464,30
699,52	1423,34
699,71	1521,64
699,89	1492,97
700,08	1474,54
700,26	1529,83
700,45	1556,46
700,64	1447,91
700,82	1474,54
701,01	1447,91
701,19	1464,30
701,38	1564,65
701,56	1472,49
701,75	1464,30
701,93	1456,11
702,12	1441,77
702,31	1466,35
702,49	1435,63
702,68	1464,30
702,86	1466,35
703,05	1464,30
703,23	1497,07
703,42	1628,14
703,60	1456,11
703,79	1415,15
703,97	1415,15
704,16	1589,22
704,34	1538,02
704,53	1439,72
704,72	1474,54
704,90	1476,59
705,09	1482,73
705,27	1509,35
705,46	1548,26
705,64	1464,30
705,83	1368,04
706,01	1538,02
706,20	1370,09
706,38	1550,31
706,57	1505,26
706,75	1507,30
706,94	1624,04
707,12	1439,72
707,31	1488,87
707,49	1531,88
707,68	1538,02
707,86	1554,41
708,05	1521,64
708,23	1546,22
708,42	1517,54
708,60	1554,41
708,79	1587,18
708,97	1538,02
709,16	1540,07
709,34	1505,26
709,53	1472,49
709,71	1458,15
709,90	1497,07
710,08	1570,79
710,27	1480,68
710,45	1361,90
710,64	1488,87
710,82	1419,24
711,00	1853,41
711,19	1488,87
711,37	1419,24
711,56	1435,63
711,74	1492,97
711,93	1447,91
712,11	1452,01
712,30	1447,91
712,48	1452,01
712,67	1521,64
712,85	1431,53
713,04	1521,64
713,22	1505,26
713,40	1476,59
713,59	1447,91
713,77	1521,64
713,96	1456,11
714,14	1572,84
714,33	1460,20
714,51	1548,26
714,70	1427,43
714,88	1480,68
715,06	1409,00
715,25	1441,77
715,43	1490,92
715,62	1497,07
715,80	1529,83
715,99	1456,11
716,17	1466,35
716,35	1480,68
716,54	1458,15
716,72	1447,91
716,91	1488,87
717,09	1529,83
717,28	1456,11
717,46	1654,76
717,64	1490,92
717,83	1497,07
718,01	1447,91
718,20	1439,72
718,38	1499,11
718,56	1398,76
718,75	1521,64
718,93	1456,11
719,12	1406,95
719,30	1482,73
719,48	1464,30
719,67	1409,00
719,85	1423,34
720,04	1472,49
720,22	1411,05
720,40	1359,85
720,59	1497,07
720,77	1497,07
720,96	1587,18
721,14	1433,58
721,32	1476,59
721,51	1505,26
721,69	1406,95
721,87	1484,78
722,06	1570,79
722,24	1546,22
722,43	1435,63
722,61	1529,83
722,79	1466,35
722,98	1488,87
723,16	1521,64
723,34	1497,07
723,53	1488,87
723,71	1497,07
723,90	1538,02
724,08	1409,00
724,26	1464,30
724,45	1480,68
724,63	1468,39
724,81	1521,64
725,00	1488,87
725,18	1540,07
725,36	1570,79
725,55	1458,15
725,73	1472,49
725,91	1597,42
726,10	1425,39
726,28	1554,41
726,46	1468,39
726,65	1431,53
726,83	1505,26
727,01	1423,34
727,20	1509,35
727,38	1484,78
727,56	1488,87
727,75	1425,39
727,93	1425,39
728,11	1406,95
728,30	1546,22
728,48	1468,39
728,66	1452,01
728,85	1456,11
729,03	1464,30
729,21	1423,34
729,40	1564,65
729,58	1513,45
729,76	1447,91
729,94	1488,87
730,13	1578,98
730,31	1382,38
730,49	1398,76
730,68	1480,68
730,86	1425,39
731,04	1607,66
731,23	1480,68
731,41	1441,77
731,59	1366,00
731,77	1558,50
731,96	1503,21
732,14	1578,98
732,32	1478,63
732,51	1449,96
732,69	1378,28
732,87	1431,53
733,05	1497,07
733,24	1558,50
733,42	1505,26
733,60	1366,00
733,79	1382,38
733,97	1484,78
734,15	1464,30
734,33	1490,92
734,52	1482,73
734,70	1538,02
734,88	1554,41
735,06	1456,11
735,25	1519,59
735,43	1431,53
735,61	1398,76
735,79	1398,76
735,98	1411,05
736,16	1865,70
736,34	1443,82
736,52	1513,45
736,71	1466,35
736,89	1417,19
737,07	1488,87
737,25	1476,59
737,44	1441,77
737,62	1505,26
737,80	1480,68
737,98	1501,16
738,17	1447,91
738,35	1468,39
738,53	1439,72
738,71	1529,83
738,89	1472,49
739,08	1482,73
739,26	1458,15
739,44	1439,72
739,62	1521,64
739,81	1507,30
739,99	1488,87
740,17	1466,35
740,35	1472,49
740,53	1587,18
740,72	1425,39
740,90	1488,87
741,08	1443,82
741,26	1417,19
741,44	1398,76
741,63	1447,91
741,81	1550,31
741,99	1419,24
742,17	1529,83
742,35	1415,15
742,54	1439,72
742,72	1554,41
742,90	1482,73
743,08	1423,34
743,26	1449,96
743,45	1521,64
743,63	1529,83
743,81	1521,64
743,99	1482,73
744,17	1425,39
744,35	1443,82
744,54	1581,03
744,72	1560,55
744,90	1466,35
745,08	1433,58
745,26	1548,26
745,44	1439,72
745,63	1431,53
745,81	1570,79
745,99	1521,64
746,17	1443,82
746,35	1505,26
746,53	1439,72
746,72	1464,30
746,90	1456,11
747,08	1474,54
747,26	1464,30
747,44	1507,30
747,62	1507,30
747,81	1488,87
747,99	1406,95
748,17	1456,11
748,35	1474,54
748,53	1472,49
748,71	1523,69
748,89	1523,69
749,07	1476,59
749,26	1447,91
749,44	1490,92
749,62	1431,53
749,80	1382,38
749,98	1419,24
750,16	1538,02
750,34	1499,11
750,52	1464,30
750,71	1466,35
750,89	1521,64
751,07	1505,26
751,25	1484,78
751,43	1447,91
751,61	1538,02
751,79	1499,11
751,97	1497,07
752,15	1415,15
752,34	1574,89
752,52	1406,95
752,70	1497,07
752,88	1564,65
753,06	1470,44
753,24	1435,63
753,42	1423,34
753,60	1452,01
753,78	1443,82
753,96	1490,92
754,15	1443,82
754,33	1492,97
754,51	1513,45
754,69	1409,00
754,87	1447,91
755,05	1497,07
755,23	1398,76
755,41	1398,76
755,59	1460,20
755,77	1431,53
755,95	1382,38
756,13	1572,84
756,31	1406,95
756,50	1497,07
756,68	1447,91
756,86	1452,01
757,04	1425,39
757,22	1595,37
757,40	1447,91
757,58	1382,38
757,76	1497,07
757,94	1497,07
758,12	1505,26
758,30	1546,22
758,48	1341,42
758,66	1466,35
758,84	1484,78
759,02	1406,95
759,20	1521,64
759,38	1480,68
759,56	1409,00
759,74	1611,75
759,92	1505,26
760,10	1546,22
760,28	1433,58
760,47	1417,19
760,65	1447,91
760,83	1482,73
761,01	1415,15
761,19	1497,07
761,37	1406,95
761,55	1390,57
761,73	1431,53
761,91	1409,00
762,09	1435,63
762,27	1523,69
762,45	1531,88
762,63	1456,11
762,81	1531,88
762,99	1525,74
763,17	1464,30
763,35	1464,30
763,53	1468,39
763,71	1488,87
763,89	1785,83
764,07	1511,40
764,25	1505,26
764,43	1548,26
764,61	1464,30
764,79	1382,38
764,97	1400,81
765,15	1621,99
765,33	1433,58
765,51	1464,30
765,69	1464,30
765,87	1435,63
766,05	1456,11
766,23	1447,91
766,41	1472,49
766,58	1456,11
766,76	1363,95
766,94	1509,35
767,12	1400,81
767,30	1490,92
767,48	1382,38
767,66	1509,35
767,84	1533,93
768,02	1546,22
768,20	1517,54
768,38	1505,26
768,56	1484,78
768,74	1415,15
768,92	1366,00
769,10	1476,59
769,28	1439,72
769,46	1417,19
769,64	1523,69
769,82	1562,60
770,00	1474,54
770,18	1488,87
770,36	1513,45
770,53	1505,26
770,71	1445,87
770,89	1538,02
771,07	1423,34
771,25	1447,91
771,43	1488,87
771,61	1570,79
771,79	1464,30
771,97	1466,35
772,15	1566,70
772,33	1366,00
772,51	1417,19
772,69	1415,15
772,86	1431,53
773,04	1460,20
773,22	1427,43
773,40	1488,87
773,58	1464,30
773,76	1480,68
773,94	1382,38
774,12	1447,91
774,30	1366,00
774,48	1513,45
774,65	1415,15
774,83	1466,35
775,01	1474,54
775,19	1515,50
775,37	1449,96
775,55	1490,92
775,73	1556,46
775,91	1447,91
776,09	1495,02
776,26	1439,72
776,44	1423,34
776,62	1523,69
776,80	1521,64
776,98	1423,34
777,16	1415,15
777,34	1484,78
777,52	1458,15
777,69	1521,64
777,87	1431,53
778,05	1499,11
778,23	1411,05
778,41	1488,87
778,59	1480,68
778,77	1390,57
778,94	1433,58
779,12	1357,80
779,30	1525,74
779,48	1566,70
779,66	1460,20
779,84	1538,02
780,02	1398,76
780,19	1480,68
780,37	1402,86
780,55	1562,60
780,73	1472,49
780,91	1492,97
781,09	1472,49
781,26	1497,07
781,44	1497,07
781,62	1439,72
781,80	1492,97
781,98	1431,53
782,16	1394,67
782,33	1480,68
782,51	1538,02
782,69	1406,95
782,87	1521,64
783,05	1466,35
783,22	1652,71
783,40	1439,72
783,58	1411,05
783,76	1542,12
783,94	1480,68
784,12	1427,43
784,29	1415,15
784,47	1472,49
784,65	1464,30
784,83	1488,87
785,01	1499,11
785,18	1513,45
785,36	1466,35
785,54	1466,35
785,72	1562,60
785,89	1540,07
786,07	1419,24
786,25	1507,30
786,43	1456,11
786,61	1415,15
786,78	1366,00
786,96	1533,93
787,14	1529,83
787,32	1513,45
787,49	1570,79
787,67	1431,53
787,85	1419,24
788,03	1505,26
788,21	1572,84
788,38	1447,91
788,56	1411,05
788,74	1429,48
788,92	1507,30
789,09	1466,35
789,27	1464,30
789,45	1497,07
789,63	1409,00
789,80	1425,39
789,98	1492,97
790,16	1521,64
790,34	1439,72
790,51	1490,92
790,69	1425,39
790,87	1464,30
791,05	1505,26
791,22	1521,64
791,40	1411,05
791,58	1398,76
791,76	1492,97
791,93	1562,60
792,11	1443,82
792,29	1400,81
792,46	1439,72
792,64	1513,45
792,82	1398,76
793,00	1578,98
793,17	1437,67
793,35	1488,87
793,53	1619,94
793,70	1456,11
793,88	1458,15
794,06	1581,03
794,24	1449,96
794,41	1466,35
794,59	1435,63
794,77	1466,35
794,94	1548,26
795,12	1509,35
795,30	1435,63
795,47	1474,54
795,65	1382,38
795,83	1499,11
796,01	1447,91
796,18	1464,30
796,36	1472,49
796,54	1482,73
796,71	1529,83
796,89	1449,96
797,07	1472,49
797,24	1400,81
797,42	1556,46
797,60	1636,33
797,77	1523,69
797,95	1507,30
798,13	1449,96
798,30	1497,07
798,48	1366,00
798,66	1521,64
798,83	1505,26
799,01	1474,54
799,19	1480,68
799,36	1513,45
799,54	1437,67
799,72	1480,68
799,89	1458,15
800,07	1521,64
800,25	1366,00
800,42	1480,68
800,60	1505,26
800,78	1431,53
800,95	1578,98
801,13	1613,80
801,30	1509,35
801,48	1398,76
801,66	1466,35
801,83	1439,72
802,01	1472,49
802,19	1325,04
802,36	1392,62
802,54	1449,96
802,72	1456,11
802,89	1644,52
803,07	1452,01
803,24	1538,02
803,42	1423,34
803,60	1480,68
803,77	1503,21
803,95	1505,26
804,12	1443,82
804,30	1439,72
804,48	1484,78
804,65	1482,73
804,83	1488,87
805,01	1554,41
805,18	1472,49
805,36	1474,54
805,53	1357,80
805,71	1480,68
805,88	1415,15
806,06	1472,49
806,24	1433,58
806,41	1472,49
806,59	1433,58
806,76	1398,76
806,94	1497,07
807,12	1415,15
807,29	1470,44
807,47	1423,34
807,64	1656,81
807,82	1497,07
807,99	1439,72
808,17	1472,49
808,35	1460,20
808,52	1466,35
808,70	1505,26
808,87	1351,66
809,05	1499,11
809,22	1456,11
809,40	1400,81
809,58	1423,34
809,75	1333,23
809,93	1406,95
810,10	1382,38
810,28	1480,68
810,45	1472,49
810,63	1499,11
810,80	1443,82
810,98	1542,12
811,15	1390,57
811,33	1595,37
811,51	1464,30
811,68	1406,95
811,86	1325,04
812,03	1472,49
812,21	1464,30
812,38	1456,11
812,56	1456,11
812,73	1449,96
812,91	1505,26
813,08	1384,43
813,26	1497,07
813,43	1441,77
813,61	1507,30
813,78	1570,79
813,96	1425,39
814,13	1423,34
814,31	1433,58
814,48	1376,24
814,66	1415,15
814,83	1480,68
815,01	1521,64
815,18	1480,68
815,36	1474,54
815,53	1480,68
815,71	1523,69
815,88	1497,07
816,06	1490,92
816,23	1398,76
816,41	1374,19
816,58	1472,49
816,76	1753,06
816,93	1400,81
817,11	1507,30
817,28	1439,72
817,46	1488,87
817,63	1456,11
817,81	1464,30
817,98	1449,96
818,16	1417,19
818,33	1492,97
818,51	1456,11
818,68	1400,81
818,86	1550,31
819,03	1488,87
819,21	1509,35
819,38	1464,30
819,55	1472,49
819,73	1458,15
819,90	1390,57
820,08	1554,41
820,25	1570,79
820,43	1480,68
820,60	1515,50
820,78	1521,64
820,95	1476,59
821,12	1449,96
821,30	1402,86
821,47	1464,30
821,65	1497,07
821,82	1505,26
822,00	1396,71
822,17	1488,87
822,35	1538,02
822,52	1581,03
822,69	1482,73
822,87	1482,73
823,04	1484,78
823,22	1439,72
823,39	1423,34
823,56	1513,45
823,74	1439,72
823,91	1406,95
824,09	1480,68
824,26	1464,30
824,44	1398,76
824,61	1533,93
824,78	1533,93
824,96	1472,49
825,13	1495,02
825,31	1546,22
825,48	1480,68
825,65	1570,79
825,83	1480,68
826,00	1492,97
826,18	1456,11
826,35	1382,38
826,52	1482,73
826,70	1447,91
826,87	1513,45
827,04	1480,68
827,22	1404,91
827,39	1429,48
827,57	1509,35
827,74	1456,11
827,91	1349,61
828,09	1423,34
828,26	1376,24
828,43	1443,82
828,61	1554,41
828,78	1439,72
828,96	1484,78
829,13	1423,34
829,30	1468,39
829,48	1415,15
829,65	1458,15
829,82	1439,72
830,00	1501,16
830,17	1376,24
830,34	1525,74
830,52	1398,76
830,69	1419,24
830,86	1488,87
831,04	1546,22
831,21	1505,26
831,38	1458,15
831,56	1505,26
831,73	1490,92
831,90	1525,74
832,08	1458,15
832,25	1490,92
832,42	1466,35
832,60	1513,45
832,77	1464,30
832,94	1505,26
833,12	1415,15
833,29	1439,72
833,46	1431,53
833,64	1542,12
833,81	1497,07
833,98	1507,30
834,16	1425,39
834,33	1540,07
834,50	1449,96
834,67	1437,67
834,85	1490,92
835,02	1447,91
835,19	1443,82
835,37	1439,72
835,54	1460,20
835,71	1439,72
835,89	1308,65
836,06	1497,07
836,23	1476,59
836,40	1433,58
836,58	1525,74
836,75	1542,12
836,92	1492,97
837,10	1390,57
837,27	1439,72
837,44	1456,11
837,61	1447,91
837,79	1431,53
837,96	1390,57
838,13	1503,21
838,30	1472,49
838,48	1417,19
838,65	1400,81
838,82	1439,72
838,99	1462,25
839,17	1521,64
839,34	1447,91
839,51	1474,54
839,69	1441,77
839,86	1505,26
840,03	1554,41
840,20	1441,77
840,37	1466,35
840,55	1447,91
840,72	1456,11
840,89	1474,54
841,06	1595,37
841,24	1439,72
841,41	1497,07
841,58	1472,49
841,75	1513,45
841,93	1505,26
842,10	1374,19
842,27	1447,91
842,44	1447,91
842,62	1456,11
842,79	1542,12
842,96	1476,59
843,13	1476,59
843,30	1488,87
843,48	1433,58
843,65	1464,30
843,82	1527,78
843,99	1419,24
844,16	1468,39
844,34	1472,49
844,51	1507,30
844,68	1351,66
844,85	1460,20
845,02	1349,61
845,20	1499,11
845,37	1449,96
845,54	1431,53
845,71	1439,72
845,88	1484,78
846,06	1488,87
846,23	1425,39
846,40	1472,49
846,57	1460,20
846,74	1466,35
846,91	1431,53
847,09	1476,59
847,26	1447,91
847,43	1595,37
847,60	1550,31
847,77	1488,87
847,94	1521,64
848,12	1480,68
848,29	1472,49
848,46	1386,47
848,63	1474,54
848,80	1441,77
848,97	1464,30
849,15	1562,60
849,32	1456,11
849,49	1449,96
849,66	1484,78
849,83	1447,91
850,00	1492,97
850,17	1425,39
850,35	1505,26
850,52	1423,34
850,69	1406,95
850,86	1472,49
851,03	1415,15
851,20	1474,54
851,37	1529,83
851,55	1439,72
851,72	1398,76
851,89	1546,22
852,06	1443,82
852,23	1521,64
852,40	1527,78
852,57	1431,53
852,74	1447,91
852,92	1398,76
853,09	1392,62
853,26	1443,82
853,43	1439,72
853,60	1488,87
853,77	1460,20
853,94	1482,73
854,11	1431,53
854,28	1769,44
854,45	1521,64
854,63	1533,93
854,80	1449,96
854,97	1531,88
855,14	1488,87
855,31	1460,20
855,48	1390,57
855,65	1447,91
855,82	1525,74
855,99	1456,11
856,16	1456,11
856,33	1619,94
856,50	1505,26
856,68	1447,91
856,85	1472,49
857,02	1499,11
857,19	1497,07
857,36	1464,30
857,53	1456,11
857,70	1497,07
857,87	1458,15
858,04	1341,42
858,21	1468,39
858,38	1472,49
858,55	1572,84
858,72	1488,87
858,89	1439,72
859,06	1578,98
859,23	1538,02
859,40	1540,07
859,58	1464,30
859,75	1464,30
859,92	1546,22
860,09	1583,08
860,26	1460,20
860,43	1525,74
860,60	1464,30
860,77	1390,57
860,94	1415,15
861,11	1464,30
861,28	1523,69
861,45	1497,07
861,62	1443,82
861,79	1540,07
861,96	1398,76
862,13	1517,54
862,30	1345,52
862,47	1318,89
862,64	1693,67
862,81	1447,91
862,98	1431,53
863,15	1476,59
863,32	1449,96
863,49	1538,02
863,66	1472,49
863,83	1531,88
864,00	1370,09
864,17	1554,41
864,34	1439,72
864,51	1431,53
864,68	1492,97
864,85	1472,49
865,02	1456,11
865,19	1482,73
865,36	1458,15
865,53	1460,20
865,70	1464,30
865,87	1511,40
866,04	1411,05
866,21	1480,68
866,38	1509,35
866,55	1454,06
866,72	1411,05
866,89	1538,02
867,06	1482,73
867,23	1431,53
867,40	1464,30
867,57	1480,68
867,73	1509,35
867,90	1507,30
868,07	1492,97
868,24	1460,20
868,41	1546,22
868,58	1456,11
868,75	1431,53
868,92	1505,26
869,09	1443,82
869,26	1513,45
869,43	1521,64
869,60	1472,49
869,77	1431,53
869,94	1433,58
870,11	1488,87
870,28	1417,19
870,45	1406,95
870,61	1480,68
870,78	1441,77
870,95	1427,43
871,12	1466,35
871,29	1558,50
871,46	1564,65
871,63	1490,92
871,80	1415,15
871,97	1482,73
872,14	1558,50
872,31	1474,54
872,47	1472,49
872,64	1394,67
872,81	1376,24
872,98	1523,69
873,15	1425,39
873,32	1488,87
873,49	1464,30
873,66	1499,11
873,83	1513,45
874,00	1505,26
874,16	1439,72
874,33	1406,95
874,50	1400,81
874,67	1447,91
874,84	1406,95
875,01	1472,49
875,18	1513,45
875,35	1400,81
875,51	1411,05
875,68	1425,39
875,85	1454,06
876,02	1439,72
876,19	1505,26
876,36	1501,16
876,53	1443,82
876,69	1546,22
876,86	1525,74
877,03	1464,30
877,20	1464,30
877,37	1488,87
877,54	1521,64
877,71	1376,24
877,87	1546,22
878,04	1472,49
878,21	1411,05
878,38	1466,35
878,55	1468,39
878,72	1484,78
878,88	1458,15
879,05	1636,33
879,22	1333,23
879,39	1546,22
879,56	1464,30
879,73	1513,45
879,89	1415,15
880,06	1611,75
880,23	1464,30
880,40	1390,57
880,57	1398,76
880,74	1513,45
880,90	1447,91
881,07	1538,02
881,24	1570,79
881,41	1474,54
881,58	1409,00
881,74	1538,02
881,91	1406,95
882,08	1550,31
882,25	1556,46
882,42	1427,43
882,58	1726,44
882,75	1439,72
882,92	1546,22
883,09	1488,87
883,26	1472,49
883,42	1529,83
883,59	1480,68
883,76	1394,67
883,93	1480,68
884,09	1456,11
884,26	1546,22
884,43	1509,35
884,60	1468,39
884,77	1578,98
884,93	1474,54
885,10	1474,54
885,27	1540,07
885,44	1521,64
885,60	1558,50
885,77	1505,26
885,94	1513,45
886,11	1538,02
886,27	1425,39
886,44	1572,84
886,61	1578,98
886,78	1423,34
886,94	1476,59
887,11	1515,50
887,28	1456,11
887,45	1439,72
887,61	1578,98
887,78	1499,11
887,95	1380,33
888,12	1497,07
888,28	1509,35
888,45	1466,35
888,62	1411,05
888,78	1507,30
888,95	1480,68
889,12	1439,72
889,29	1482,73
889,45	1529,83
889,62	1562,60
889,79	1521,64
889,95	1497,07
890,12	1456,11
890,29	1464,30
890,46	1480,68
890,62	1529,83
