178,13	1286,12
178,35	1286,12
178,57	1286,12
178,78	1255,40
179,00	1296,36
179,22	1390,57
179,44	1374,19
179,66	1419,24
179,87	1441,77
180,09	1472,49
180,31	1490,92
180,53	1394,67
180,75	1415,15
180,96	1396,71
181,18	1423,34
181,40	1341,42
181,62	1384,43
181,84	1427,43
182,05	1456,11
182,27	1333,23
182,49	1427,43
182,71	1363,95
182,92	1492,97
183,14	1456,11
183,36	1368,04
183,58	1406,95
183,80	1513,45
184,01	1439,72
184,23	1464,30
184,45	1466,35
184,67	1433,58
184,89	1417,19
185,10	1452,01
185,32	1490,92
185,54	1497,07
185,76	1423,34
185,97	1452,01
186,19	1366,00
186,41	1521,64
186,63	1419,24
186,84	1392,62
187,06	1466,35
187,28	1589,22
187,50	1406,95
187,72	1431,53
187,93	1439,72
188,15	1447,91
188,37	1425,39
188,59	1447,91
188,80	1435,63
189,02	1458,15
189,24	1382,38
189,46	1437,67
189,67	1480,68
189,89	1433,58
190,11	1419,24
190,33	1513,45
190,54	1460,20
190,76	1447,91
190,98	1423,34
191,20	1439,72
191,41	1423,34
191,63	1488,87
191,85	1431,53
192,07	1456,11
192,28	1439,72
192,50	1378,28
192,72	1376,24
192,94	1521,64
193,15	1482,73
193,37	1533,93
193,59	1529,83
193,81	1521,64
194,02	1474,54
194,24	1458,15
194,46	1484,78
194,67	1554,41
194,89	1425,39
195,11	1484,78
195,33	1476,59
195,54	1521,64
195,76	1382,38
195,98	1433,58
196,20	1466,35
196,41	1474,54
196,63	1423,34
196,85	1480,68
197,06	1439,72
197,28	1402,86
197,50	1366,00
197,72	1398,76
197,93	1456,11
198,15	1538,02
198,37	1382,38
198,58	1429,48
198,80	1447,91
199,02	1390,57
199,24	1413,10
199,45	1384,43
199,67	1431,53
199,89	1439,72
200,10	1409,00
200,32	1374,19
200,54	1406,95
200,76	1474,54
200,97	1431,53
201,19	1368,04
201,41	1447,91
201,62	1382,38
201,84	1400,81
202,06	1497,07
202,28	1472,49
202,49	1458,15
202,71	1521,64
202,93	1480,68
203,14	1411,05
203,36	1490,92
203,58	1406,95
203,79	1398,76
204,01	1472,49
204,23	1452,01
204,44	1521,64
204,66	1421,29
204,88	1472,49
205,10	1499,11
205,31	1370,09
205,53	1398,76
205,75	1423,34
205,96	1386,47
206,18	1415,15
206,40	1341,42
206,61	1341,42
206,83	1368,04
207,05	1386,47
207,26	1417,19
207,48	1507,30
207,70	1490,92
207,91	1497,07
208,13	1423,34
208,35	1423,34
208,56	1443,82
208,78	1456,11
209,00	1398,76
209,21	1472,49
209,43	1460,20
209,65	1423,34
209,86	1447,91
210,08	1439,72
210,30	1509,35
210,51	1464,30
210,73	1431,53
210,95	1415,15
211,16	1390,57
211,38	1382,38
211,60	1374,19
211,81	1384,43
212,03	1456,11
212,25	1533,93
212,46	1472,49
212,68	1488,87
212,90	1409,00
213,11	1474,54
213,33	1456,11
213,55	1439,72
213,76	1554,41
213,98	1472,49
214,20	1497,07
214,41	1357,80
214,63	1607,66
214,84	1488,87
215,06	1394,67
215,28	1439,72
215,49	1488,87
215,71	1443,82
215,93	1583,08
216,14	1357,80
216,36	1454,06
216,58	1439,72
216,79	1423,34
217,01	1390,57
217,22	1382,38
217,44	1505,26
217,66	1423,34
217,87	1492,97
218,09	1359,85
218,31	1392,62
218,52	1386,47
218,74	1460,20
218,95	1497,07
219,17	1366,00
219,39	1425,39
219,60	1538,02
219,82	1441,77
220,04	1509,35
220,25	1499,11
220,47	1480,68
220,68	1523,69
220,90	1372,14
221,12	1449,96
221,33	1333,23
221,55	1460,20
221,77	1484,78
221,98	1464,30
222,20	1374,19
222,41	1480,68
222,63	1447,91
222,85	1480,68
223,06	1464,30
223,28	1390,57
223,49	1456,11
223,71	1415,15
223,93	1394,67
224,14	1472,49
224,36	1546,22
224,57	1466,35
224,79	1480,68
225,01	1392,62
225,22	1472,49
225,44	1398,76
225,65	1402,86
225,87	1456,11
226,09	1466,35
226,30	1517,54
226,52	1431,53
226,73	1382,38
226,95	1538,02
227,17	1458,15
227,38	1456,11
227,60	1587,18
227,81	1411,05
228,03	1406,95
228,24	1505,26
228,46	1521,64
228,68	1456,11
228,89	1482,73
229,11	1390,57
229,32	1443,82
229,54	1447,91
229,75	1505,26
229,97	1366,00
230,19	1357,80
230,40	1409,00
230,62	1357,80
230,83	1458,15
231,05	1413,10
231,26	1415,15
231,48	1316,84
231,70	1515,50
231,91	1406,95
232,13	1480,68
232,34	1458,15
232,56	1427,43
232,77	1443,82
232,99	1482,73
233,21	1574,89
233,42	1382,38
233,64	1523,69
233,85	1394,67
234,07	1472,49
234,28	1507,30
234,50	1386,47
234,71	1374,19
234,93	1392,62
235,15	1392,62
235,36	1357,80
235,58	1415,15
235,79	1308,65
236,01	1374,19
236,22	1431,53
236,44	1562,60
236,65	1318,89
236,87	1480,68
237,08	1376,24
237,30	1431,53
237,52	1449,96
237,73	1464,30
237,95	1423,34
238,16	1357,80
238,38	1472,49
238,59	1435,63
238,81	1531,88
239,02	1458,15
239,24	1431,53
239,45	1423,34
239,67	1472,49
239,88	1439,72
240,10	1443,82
240,31	1366,00
240,53	1345,52
240,74	1415,15
240,96	1562,60
241,18	1398,76
241,39	1458,15
241,61	1497,07
241,82	1366,00
242,04	1456,11
242,25	1417,19
242,47	1392,62
242,68	1417,19
242,90	1497,07
243,11	1441,77
243,33	1415,15
243,54	1515,50
243,76	1390,57
243,97	1540,07
244,19	1460,20
244,40	1513,45
244,62	1433,58
244,83	1361,90
245,05	1513,45
245,26	1400,81
245,48	1439,72
245,69	1480,68
245,91	1423,34
246,12	1370,09
246,34	1464,30
246,55	1441,77
246,77	1345,52
246,98	1431,53
247,20	1382,38
247,41	1398,76
247,63	1406,95
247,84	1501,16
248,06	1499,11
248,27	1318,89
248,49	1476,59
248,70	1415,15
248,92	1390,57
249,13	1351,66
249,35	1452,01
249,56	1406,95
249,78	1431,53
249,99	1441,77
250,21	1456,11
250,42	1384,43
250,64	1484,78
250,85	1400,81
251,06	1433,58
251,28	1499,11
251,49	1478,63
251,71	1505,26
251,92	1474,54
252,14	1423,34
252,35	1376,24
252,57	1394,67
252,78	1554,41
253,00	1411,05
253,21	1382,38
253,43	1513,45
253,64	1406,95
253,86	1458,15
254,07	1382,38
254,28	1439,72
254,50	1515,50
254,71	1468,39
254,93	1366,00
255,14	1464,30
255,36	1439,72
255,57	1443,82
255,79	1415,15
256,00	1464,30
256,22	1415,15
256,43	1456,11
256,64	1499,11
256,86	1554,41
257,07	1390,57
257,29	1357,80
257,50	1390,57
257,72	1406,95
257,93	1435,63
258,15	1490,92
258,36	1306,60
258,57	1447,91
258,79	1402,86
259,00	1480,68
259,22	1374,19
259,43	1366,00
259,65	1435,63
259,86	1382,38
260,08	1433,58
260,29	1652,71
260,50	1423,34
260,72	1802,21
260,93	1417,19
261,15	1439,72
261,36	1447,91
261,58	1484,78
261,79	1417,19
262,00	1505,26
262,22	1568,74
262,43	1499,11
262,65	1386,47
262,86	1398,76
263,07	1402,86
263,29	1472,49
263,50	1425,39
263,72	1452,01
263,93	1476,59
264,15	1472,49
264,36	1353,71
264,57	1417,19
264,79	1529,83
265,00	1456,11
265,22	1464,30
265,43	1507,30
265,64	1382,38
265,86	1376,24
266,07	1411,05
266,29	1406,95
266,50	1419,24
266,71	1538,02
266,93	1435,63
267,14	1529,83
267,36	1460,20
267,57	1406,95
267,78	1431,53
268,00	1488,87
268,21	1476,59
268,43	1505,26
268,64	1406,95
268,85	1349,61
269,07	1392,62
269,28	1466,35
269,50	1374,19
269,71	1398,76
269,92	1449,96
270,14	1517,54
270,35	1376,24
270,56	1529,83
270,78	1460,20
270,99	1329,13
271,21	1400,81
271,42	1466,35
271,63	1439,72
271,85	1513,45
272,06	1435,63
272,27	1384,43
272,49	1431,53
272,70	1431,53
272,92	1447,91
273,13	1472,49
273,34	1431,53
273,56	1384,43
273,77	1437,67
273,98	1472,49
274,20	1499,11
274,41	1443,82
274,63	1464,30
274,84	1435,63
275,05	1452,01
275,27	1409,00
275,48	1460,20
275,69	1456,11
275,91	1400,81
276,12	1394,67
276,33	1406,95
276,55	1417,19
276,76	1398,76
276,97	1480,68
277,19	1409,00
277,40	1374,19
277,61	1368,04
277,83	1374,19
278,04	1480,68
278,26	1474,54
278,47	1437,67
278,68	1521,64
278,90	1390,57
279,11	1400,81
279,32	1449,96
279,54	1490,92
279,75	1411,05
279,96	1472,49
280,18	1431,53
280,39	1529,83
280,60	1400,81
280,82	1501,16
281,03	1468,39
281,24	1570,79
281,46	1466,35
281,67	1460,20
281,88	1480,68
282,10	1409,00
282,31	1464,30
282,52	1480,68
282,74	1353,71
282,95	1505,26
283,16	1402,86
283,37	1386,47
283,59	1425,39
283,80	1439,72
284,01	1548,26
284,23	1398,76
284,44	1400,81
284,65	1578,98
284,87	1431,53
285,08	1538,02
285,29	1431,53
285,51	1468,39
285,72	1497,07
285,93	1529,83
286,15	1425,39
286,36	1452,01
286,57	1409,00
286,78	1449,96
287,00	1447,91
287,21	1409,00
287,42	1433,58
287,64	1439,72
287,85	1529,83
288,06	1439,72
288,28	1476,59
288,49	1392,62
288,70	1415,15
288,91	1415,15
289,13	1439,72
289,34	1431,53
289,55	1390,57
289,77	1472,49
289,98	1406,95
290,19	1439,72
290,40	1374,19
290,62	1439,72
290,83	1431,53
291,04	1480,68
291,26	1325,04
291,47	1421,29
291,68	1474,54
291,89	1515,50
292,11	1521,64
292,32	1406,95
292,53	1605,61
292,74	1460,20
292,96	1357,80
293,17	1476,59
293,38	1460,20
293,60	1466,35
293,81	1433,58
294,02	1400,81
294,23	1392,62
294,45	1497,07
294,66	1497,07
294,87	1433,58
295,08	1406,95
295,30	1581,03
295,51	1349,61
295,72	1505,26
295,93	1456,11
296,15	1497,07
296,36	1394,67
296,57	1466,35
296,78	1406,95
297,00	1406,95
297,21	1398,76
297,42	1515,50
297,63	1456,11
297,85	1443,82
298,06	1423,34
298,27	1456,11
298,48	1449,96
298,70	1439,72
298,91	1542,12
299,12	1363,95
299,33	1497,07
299,55	1406,95
299,76	1447,91
299,97	1462,25
300,18	1466,35
300,40	1398,76
300,61	1349,61
300,82	1447,91
301,03	1480,68
301,24	1419,24
301,46	1497,07
301,67	1464,30
301,88	1439,72
302,09	1521,64
302,31	1406,95
302,52	1456,11
302,73	1513,45
302,94	1439,72
303,15	1320,94
303,37	1390,57
303,58	1351,66
303,79	1497,07
304,00	1525,74
304,22	1431,53
304,43	1488,87
304,64	1507,30
304,85	1456,11
305,06	1538,02
305,28	1460,20
305,49	1472,49
305,70	1425,39
305,91	1374,19
306,12	1464,30
306,34	1513,45
306,55	1456,11
306,76	1464,30
306,97	1578,98
307,18	1423,34
307,40	1427,43
307,61	1456,11
307,82	1415,15
308,03	1409,00
308,24	1488,87
308,46	1439,72
308,67	1398,76
308,88	1423,34
309,09	1472,49
309,30	1449,96
309,52	1398,76
309,73	1441,77
309,94	1398,76
310,15	1456,11
310,36	1431,53
310,57	1456,11
310,79	1376,24
311,00	1427,43
311,21	1370,09
311,42	1464,30
311,63	1415,15
311,85	1423,34
312,06	1406,95
312,27	1497,07
312,48	1439,72
312,69	1415,15
312,90	1499,11
313,12	1497,07
313,33	1431,53
313,54	1505,26
313,75	1382,38
313,96	1406,95
314,17	1435,63
314,39	1425,39
314,60	1431,53
314,81	1515,50
315,02	1357,80
315,23	1427,43
315,44	1497,07
315,65	1468,39
315,87	1423,34
316,08	1464,30
316,29	1409,00
316,50	1456,11
316,71	1415,15
316,92	1386,47
317,14	1439,72
317,35	1415,15
317,56	1431,53
317,77	1490,92
317,98	1472,49
318,19	1505,26
318,40	1497,07
318,62	1497,07
318,83	1431,53
319,04	1482,73
319,25	1439,72
319,46	1562,60
319,67	1456,11
319,88	1447,91
320,09	1423,34
320,31	1449,96
320,52	1464,30
320,73	1441,77
320,94	1357,80
321,15	1456,11
321,36	1435,63
321,57	1527,78
321,78	1466,35
322,00	1398,76
322,21	1484,78
322,42	1411,05
322,63	1454,06
322,84	1464,30
323,05	1425,39
323,26	1390,57
323,47	1460,20
323,69	1449,96
323,90	1419,24
324,11	1415,15
324,32	1439,72
324,53	1439,72
324,74	1423,34
324,95	1460,20
325,16	1447,91
325,37	1441,77
325,59	1296,36
325,80	1464,30
326,01	1382,38
326,22	1521,64
326,43	1476,59
326,64	1521,64
326,85	1329,13
327,06	1447,91
327,27	1460,20
327,48	1490,92
327,69	1548,26
327,91	1447,91
328,12	1409,00
328,33	1441,77
328,54	1398,76
328,75	1431,53
328,96	1431,53
329,17	1456,11
329,38	1466,35
329,59	1378,28
329,80	1816,55
330,01	1515,50
330,23	1484,78
330,44	1423,34
330,65	1398,76
330,86	1456,11
331,07	1431,53
331,28	1488,87
331,49	1374,19
331,70	1533,93
331,91	1351,66
332,12	1423,34
332,33	1447,91
332,54	1468,39
332,75	1513,45
332,96	1366,00
333,17	1398,76
333,39	1456,11
333,60	1505,26
333,81	1529,83
334,02	1368,04
334,23	1447,91
334,44	1431,53
334,65	1400,81
334,86	1452,01
335,07	1513,45
335,28	1415,15
335,49	1464,30
335,70	1409,00
335,91	1390,57
336,12	1443,82
336,33	1513,45
336,54	1472,49
336,75	1466,35
336,96	1382,38
337,17	1474,54
337,39	1341,42
337,60	1513,45
337,81	1554,41
338,02	1439,72
338,23	1417,19
338,44	1464,30
338,65	1456,11
338,86	1431,53
339,07	1447,91
339,28	1464,30
339,49	1452,01
339,70	1439,72
339,91	1456,11
340,12	1513,45
340,33	1423,34
340,54	1392,62
340,75	1462,25
340,96	1368,04
341,17	1480,68
341,38	1357,80
341,59	1521,64
341,80	1480,68
342,01	1370,09
342,22	1439,72
342,43	1472,49
342,64	1423,34
342,85	1423,34
343,06	1406,95
343,27	1384,43
343,48	1443,82
343,69	1378,28
343,90	1363,95
344,11	1406,95
344,32	1456,11
344,53	1398,76
344,74	1456,11
344,95	1406,95
345,16	1464,30
345,37	1505,26
345,58	1398,76
345,79	1447,91
346,00	1439,72
346,21	1427,43
346,42	1472,49
346,63	1402,86
346,84	1456,11
347,05	1398,76
347,26	1415,15
347,47	1406,95
347,68	1423,34
347,89	1488,87
348,10	1423,34
348,31	1497,07
348,52	1368,04
348,73	1437,67
348,94	1308,65
349,15	1497,07
349,36	1382,38
349,57	1327,08
349,78	1431,53
349,99	1482,73
350,20	1513,45
350,41	1390,57
350,62	1345,52
350,83	1490,92
351,04	1409,00
351,25	1406,95
351,46	1433,58
351,67	1441,77
351,88	1439,72
352,09	1341,42
352,30	1531,88
352,50	1447,91
352,71	1447,91
352,92	1398,76
353,13	1390,57
353,34	1402,86
353,55	1474,54
353,76	1431,53
353,97	1447,91
354,18	1409,00
354,39	1423,34
354,60	1484,78
354,81	1447,91
355,02	1466,35
355,23	1460,20
355,44	1374,19
355,65	1441,77
355,86	1392,62
356,07	1449,96
356,28	1521,64
356,48	1447,91
356,69	1464,30
356,90	1337,32
357,11	1374,19
357,32	1439,72
357,53	1433,58
357,74	1497,07
357,95	1466,35
358,16	1529,83
358,37	1402,86
358,58	1415,15
358,79	1425,39
359,00	1435,63
359,21	1464,30
359,41	1497,07
359,62	1509,35
359,83	1456,11
360,04	1366,00
360,25	1447,91
360,46	1425,39
360,67	1415,15
360,88	1398,76
361,09	1505,26
361,30	1458,15
361,51	1435,63
361,72	1376,24
361,92	1538,02
362,13	1376,24
362,34	1415,15
362,55	1458,15
362,76	1374,19
362,97	1423,34
363,18	1406,95
363,39	1452,01
363,60	1425,39
363,81	1439,72
364,01	1447,91
364,22	1439,72
364,43	1480,68
364,64	1382,38
364,85	1443,82
365,06	1398,76
365,27	1382,38
365,48	1357,80
365,69	1433,58
365,89	1441,77
366,10	1505,26
366,31	1357,80
366,52	1468,39
366,73	1439,72
366,94	1574,89
367,15	1390,57
367,36	1464,30
367,57	1628,14
367,77	1521,64
367,98	1546,22
368,19	1390,57
368,40	1443,82
368,61	1480,68
368,82	1368,04
369,03	1521,64
369,23	1574,89
369,44	1390,57
369,65	1398,76
369,86	1417,19
370,07	1406,95
370,28	1439,72
370,49	1386,47
370,70	1423,34
370,90	1357,80
371,11	1382,38
371,32	1398,76
371,53	1515,50
371,74	1425,39
371,95	1488,87
372,16	1296,36
372,36	1513,45
372,57	1376,24
372,78	1431,53
372,99	1409,00
373,20	1425,39
373,41	1439,72
373,61	1431,53
373,82	1433,58
374,03	1439,72
374,24	1456,11
374,45	1529,83
374,66	1398,76
374,86	1488,87
375,07	1415,15
375,28	1513,45
375,49	1359,85
375,70	1374,19
375,91	1423,34
376,11	1423,34
376,32	1497,07
376,53	1384,43
376,74	1456,11
376,95	1808,36
377,16	1435,63
377,36	1390,57
377,57	1517,54
377,78	1411,05
377,99	1509,35
378,20	1499,11
378,40	1406,95
378,61	1492,97
378,82	1447,91
379,03	1433,58
379,24	1570,79
379,45	1349,61
379,65	1366,00
379,86	1505,26
380,07	1456,11
380,28	1357,80
380,49	1466,35
380,69	1529,83
380,90	1619,94
381,11	1411,05
381,32	1390,57
381,53	1476,59
381,73	1398,76
381,94	1376,24
382,15	1443,82
382,36	1441,77
382,57	1464,30
382,77	1325,04
382,98	1447,91
383,19	1406,95
383,40	1439,72
383,60	1492,97
383,81	1454,06
384,02	1441,77
384,23	1497,07
384,44	1390,57
384,64	1431,53
384,85	1458,15
385,06	1447,91
385,27	1423,34
385,48	1406,95
385,68	1423,34
385,89	1464,30
386,10	1415,15
386,31	1404,91
386,51	1425,39
386,72	1402,86
386,93	1464,30
387,14	1431,53
387,34	1398,76
387,55	1366,00
387,76	1411,05
387,97	1366,00
388,17	1427,43
388,38	1456,11
388,59	1431,53
388,80	1435,63
389,01	1409,00
389,21	1368,04
389,42	1505,26
389,63	1449,96
389,84	1505,26
390,04	1472,49
390,25	1406,95
390,46	1505,26
390,67	1343,47
390,87	1384,43
391,08	1439,72
391,29	1398,76
391,49	1460,20
391,70	1368,04
391,91	1452,01
392,12	1415,15
392,32	1456,11
392,53	1501,16
392,74	1435,63
392,95	1325,04
393,15	1488,87
393,36	1402,86
393,57	1409,00
393,78	1431,53
393,98	1497,07
394,19	1472,49
394,40	1521,64
394,60	1462,25
394,81	1449,96
395,02	1388,52
395,23	1398,76
395,43	1411,05
395,64	1507,30
395,85	1382,38
396,06	1382,38
396,26	1519,59
396,47	1406,95
396,68	1333,23
396,88	1464,30
397,09	1411,05
397,30	1447,91
397,50	1431,53
397,71	1417,19
397,92	1447,91
398,13	1423,34
398,33	1435,63
398,54	1488,87
398,75	1351,66
398,95	1439,72
399,16	1480,68
399,37	1464,30
399,57	1409,00
399,78	1439,72
399,99	1439,72
400,20	1505,26
400,40	1406,95
400,61	1464,30
400,82	1443,82
401,02	1433,58
401,23	1425,39
401,44	1437,67
401,64	1474,54
401,85	1435,63
402,06	1439,72
402,26	1507,30
402,47	1374,19
402,68	1597,42
402,88	1357,80
403,09	1378,28
403,30	1480,68
403,50	1415,15
403,71	1523,69
403,92	1417,19
404,12	1370,09
404,33	1419,24
404,54	1531,88
404,74	1480,68
404,95	1409,00
405,16	1433,58
405,36	1466,35
405,57	1390,57
405,78	1366,00
405,98	1390,57
406,19	1425,39
406,40	1456,11
406,60	1476,59
406,81	1382,38
407,02	1447,91
407,22	1484,78
407,43	1351,66
407,64	1441,77
407,84	1409,00
408,05	1384,43
408,26	1372,14
408,46	1505,26
408,67	1505,26
408,87	1447,91
409,08	1343,47
409,29	1464,30
409,49	1368,04
409,70	1335,28
409,91	1497,07
410,11	1406,95
410,32	1456,11
410,53	1376,24
410,73	1505,26
410,94	1449,96
411,14	1423,34
411,35	1384,43
411,56	1456,11
411,76	1492,97
411,97	1462,25
412,18	1460,20
412,38	1374,19
412,59	1488,87
412,79	1406,95
413,00	1521,64
413,21	1499,11
413,41	1484,78
413,62	1441,77
413,82	1368,04
414,03	1507,30
414,24	1521,64
414,44	1361,90
414,65	1447,91
414,86	1435,63
415,06	1456,11
415,27	1497,07
415,47	1492,97
415,68	1441,77
415,89	1441,77
416,09	1341,42
416,30	1409,00
416,50	1488,87
416,71	1464,30
416,92	1449,96
417,12	1595,37
417,33	1398,76
417,53	1366,00
417,74	1406,95
417,94	1472,49
418,15	1431,53
418,36	1419,24
418,56	1366,00
418,77	1415,15
418,97	1425,39
419,18	1472,49
419,39	1419,24
419,59	1466,35
419,80	1353,71
420,00	1406,95
420,21	1341,42
420,41	1447,91
420,62	1509,35
420,83	1431,53
421,03	1392,62
421,24	1415,15
421,44	1472,49
421,65	1390,57
421,85	1488,87
422,06	1353,71
422,27	1492,97
422,47	1402,86
422,68	1431,53
422,88	1447,91
423,09	1419,24
423,29	1480,68
423,50	1417,19
423,70	1456,11
423,91	1456,11
424,12	1423,34
424,32	1443,82
424,53	1478,63
424,73	1488,87
424,94	1390,57
425,14	1398,76
425,35	1456,11
425,55	1476,59
425,76	1472,49
425,96	1441,77
426,17	1472,49
426,37	1447,91
426,58	1439,72
426,79	1462,25
426,99	1472,49
427,20	1591,27
427,40	1480,68
427,61	1466,35
427,81	1423,34
428,02	1366,00
428,22	1382,38
428,43	1505,26
428,63	1284,08
428,84	1472,49
429,04	1341,42
429,25	1423,34
429,45	1472,49
429,66	1472,49
429,86	1415,15
430,07	1468,39
430,27	1439,72
430,48	1464,30
430,68	1439,72
430,89	1507,30
431,09	1417,19
431,30	1392,62
431,50	1456,11
431,71	1497,07
431,91	1392,62
432,12	1488,87
432,32	1538,02
432,53	1406,95
432,73	1386,47
432,94	1423,34
433,14	1488,87
433,35	1466,35
433,55	1406,95
433,76	1288,17
433,96	1415,15
434,17	1406,95
434,37	1406,95
434,58	1449,96
434,78	1337,32
434,99	1452,01
435,19	1374,19
435,40	1464,30
435,60	1456,11
435,81	1490,92
436,01	1351,66
436,22	1474,54
436,42	1382,38
436,63	1386,47
436,83	1417,19
437,04	1464,30
437,24	1423,34
437,45	1456,11
437,65	1390,57
437,86	1497,07
438,06	1409,00
438,26	1490,92
438,47	1417,19
438,67	1357,80
438,88	1460,20
439,08	1449,96
439,29	1447,91
439,49	1468,39
439,70	1460,20
439,90	1423,34
440,11	1466,35
440,31	1478,63
440,52	1425,39
440,72	1546,22
440,92	1398,76
441,13	1466,35
441,33	1509,35
441,54	1488,87
441,74	1368,04
441,95	1359,85
442,15	1562,60
442,36	1542,12
442,56	1400,81
442,76	1376,24
442,97	1417,19
443,17	1443,82
443,38	1525,74
443,58	1425,39
443,79	1431,53
443,99	1431,53
444,19	1513,45
444,40	1488,87
444,60	1439,72
444,81	1458,15
445,01	1441,77
445,22	1378,28
445,42	1398,76
445,62	1480,68
445,83	1447,91
446,03	1423,34
446,24	1472,49
446,44	1529,83
446,64	1439,72
446,85	1419,24
447,05	1454,06
447,26	1497,07
447,46	1488,87
447,67	1423,34
447,87	1439,72
448,07	1439,72
448,28	1366,00
448,48	1488,87
448,69	1368,04
448,89	1392,62
449,09	1456,11
449,30	1460,20
449,50	1423,34
449,71	1398,76
449,91	1431,53
450,11	1452,01
450,32	1474,54
450,52	1398,76
450,72	1513,45
450,93	1468,39
451,13	1480,68
451,34	1456,11
451,54	1398,76
451,74	1404,91
451,95	1439,72
452,15	1456,11
452,36	1406,95
452,56	1488,87
452,76	1415,15
452,97	1357,80
453,17	1406,95
453,37	1411,05
453,58	1447,91
453,78	1415,15
453,98	1392,62
454,19	1499,11
454,39	1382,38
454,60	1392,62
454,80	1439,72
455,00	1515,50
455,21	1333,23
455,41	1431,53
455,61	1466,35
455,82	1314,80
456,02	1359,85
456,22	1415,15
456,43	1447,91
456,63	1458,15
456,84	1433,58
457,04	1480,68
457,24	1431,53
457,45	1406,95
457,65	1480,68
457,85	1409,00
458,06	1452,01
458,26	1376,24
458,46	1423,34
458,67	1333,23
458,87	1497,07
459,07	1488,87
459,28	1462,25
459,48	1447,91
459,68	1425,39
459,89	1361,90
460,09	1419,24
460,29	1505,26
460,50	1368,04
460,70	1480,68
460,90	1431,53
461,11	1341,42
461,31	1474,54
461,51	1466,35
461,72	1433,58
461,92	1488,87
462,12	1492,97
462,32	1460,20
462,53	1480,68
462,73	1865,70
462,93	1366,00
463,14	1480,68
463,34	1529,83
463,54	1464,30
463,75	1480,68
463,95	1439,72
464,15	1546,22
464,36	1464,30
464,56	1490,92
464,76	1398,76
464,96	1431,53
465,17	1398,76
465,37	1433,58
465,57	1476,59
465,78	1523,69
465,98	1464,30
466,18	1390,57
466,39	1374,19
466,59	1374,19
466,79	1366,00
466,99	1439,72
467,20	1378,28
467,40	1417,19
467,60	1449,96
467,81	1386,47
468,01	1538,02
468,21	1447,91
468,41	1374,19
468,62	1480,68
468,82	1384,43
469,02	1431,53
469,22	1425,39
469,43	1456,11
469,63	1447,91
469,83	1292,27
470,04	1540,07
470,24	1480,68
470,44	1443,82
470,64	1449,96
470,85	1456,11
471,05	1400,81
471,25	1409,00
471,45	1333,23
471,66	1435,63
471,86	1441,77
472,06	1411,05
472,26	1472,49
472,47	1456,11
472,67	1521,64
472,87	1435,63
473,07	1501,16
473,28	1462,25
473,48	1505,26
473,68	1501,16
473,88	1441,77
474,09	1488,87
474,29	1501,16
474,49	1425,39
474,69	1390,57
474,90	1415,15
475,10	1415,15
475,30	1538,02
475,50	1548,26
475,70	1312,75
475,91	1431,53
476,11	1443,82
476,31	1513,45
476,51	1427,43
476,72	1480,68
476,92	1312,75
477,12	1425,39
477,32	1386,47
477,53	1427,43
477,73	1464,30
477,93	1431,53
478,13	1411,05
478,33	1341,42
478,54	1382,38
478,74	1488,87
478,94	1423,34
479,14	1398,76
479,34	1423,34
479,55	1480,68
479,75	1480,68
479,95	1443,82
480,15	1431,53
480,35	1429,48
480,56	1515,50
480,76	1531,88
480,96	1398,76
481,16	1423,34
481,36	1423,34
481,57	1382,38
481,77	1423,34
481,97	1415,15
482,17	1398,76
482,37	1433,58
482,58	1427,43
482,78	1447,91
482,98	1394,67
483,18	1439,72
483,38	1521,64
483,58	1480,68
483,79	1497,07
483,99	1406,95
484,19	1456,11
484,39	1392,62
484,59	1443,82
484,80	1439,72
485,00	1449,96
485,20	1378,28
485,40	1431,53
485,60	1517,54
485,80	1449,96
486,01	1464,30
486,21	1409,00
486,41	1488,87
486,61	1529,83
486,81	1431,53
487,01	1292,27
487,22	1509,35
487,42	1456,11
487,62	1398,76
487,82	1456,11
488,02	1466,35
488,22	1482,73
488,42	1497,07
488,63	1452,01
488,83	1361,90
489,03	1382,38
489,23	1458,15
489,43	1378,28
489,63	1554,41
489,83	1447,91
490,04	1417,19
490,24	1466,35
490,44	1425,39
490,64	1394,67
490,84	1376,24
491,04	1513,45
491,24	1505,26
491,44	1402,86
491,65	1439,72
491,85	1452,01
492,05	1464,30
492,25	1454,06
492,45	1386,47
492,65	1472,49
492,85	1472,49
493,05	1398,76
493,26	1488,87
493,46	1439,72
493,66	1454,06
493,86	1325,04
494,06	1341,42
494,26	1480,68
494,46	1402,86
494,66	1472,49
494,86	1449,96
495,07	1384,43
495,27	1439,72
495,47	1447,91
495,67	1456,11
495,87	1505,26
496,07	1452,01
496,27	1466,35
496,47	1460,20
496,67	1439,72
496,87	1382,38
497,08	1456,11
497,28	1431,53
497,48	1396,71
497,68	1505,26
497,88	1454,06
498,08	1398,76
498,28	1480,68
498,48	1447,91
498,68	1347,56
498,88	1359,85
499,08	1411,05
499,29	1439,72
499,49	1439,72
499,69	1366,00
499,89	1492,97
500,09	1433,58
500,29	1411,05
500,49	1439,72
500,69	1595,37
500,89	1417,19
501,09	1452,01
501,29	1447,91
501,49	1318,89
501,69	1353,71
501,89	1378,28
502,09	1488,87
502,30	1419,24
502,50	1488,87
502,70	1415,15
502,90	1464,30
503,10	1374,19
503,30	1384,43
503,50	1423,34
503,70	1400,81
503,90	1443,82
504,10	1441,77
504,30	1521,64
504,50	1376,24
504,70	1456,11
504,90	1464,30
505,10	1466,35
505,30	1447,91
505,50	1411,05
505,70	1482,73
505,90	1456,11
506,10	1425,39
506,30	1392,62
506,50	1474,54
506,70	1447,91
506,90	1398,76
507,11	1374,19
507,31	1392,62
507,51	1480,68
507,71	1382,38
507,91	1398,76
508,11	1480,68
508,31	1464,30
508,51	1302,51
508,71	1419,24
508,91	1357,80
509,11	1308,65
509,31	1513,45
509,51	1439,72
509,71	1456,11
509,91	1443,82
510,11	1406,95
510,31	1427,43
510,51	1427,43
510,71	1480,68
510,91	1390,57
511,11	1366,00
511,31	1482,73
511,51	1415,15
511,71	1460,20
511,91	1521,64
512,11	1458,15
512,31	1357,80
512,51	1406,95
512,71	1431,53
512,91	1374,19
513,11	1433,58
513,31	1400,81
513,51	1447,91
513,71	1447,91
513,91	1464,30
514,11	1572,84
514,31	1404,91
514,51	1492,97
514,71	1390,57
514,90	1384,43
515,10	1447,91
515,30	1423,34
515,50	1366,00
515,70	1435,63
515,90	1406,95
516,10	1378,28
516,30	1325,04
516,50	1458,15
516,70	1441,77
516,90	1374,19
517,10	1411,05
517,30	1488,87
517,50	1441,77
517,70	1435,63
517,90	1415,15
518,10	1361,90
518,30	1452,01
518,50	1429,48
518,70	1433,58
518,90	1464,30
519,10	1400,81
519,30	1507,30
519,50	1433,58
519,69	1466,35
519,89	1460,20
520,09	1406,95
520,29	1374,19
520,49	1466,35
520,69	1484,78
520,89	1431,53
521,09	1468,39
521,29	1832,93
521,49	1376,24
521,69	1439,72
521,89	1441,77
522,09	1427,43
522,29	1472,49
522,48	1505,26
522,68	1406,95
522,88	1433,58
523,08	1447,91
523,28	1464,30
523,48	1529,83
523,68	1366,00
523,88	1466,35
524,08	1441,77
524,28	1497,07
524,48	1505,26
524,68	1394,67
524,87	1406,95
525,07	1417,19
525,27	1490,92
525,47	1378,28
525,67	1398,76
525,87	1398,76
526,07	1449,96
526,27	1357,80
526,47	1490,92
526,67	1476,59
526,86	1425,39
527,06	1351,66
527,26	1427,43
527,46	1492,97
527,66	1447,91
527,86	1439,72
528,06	1366,00
528,26	1529,83
528,46	1456,11
528,65	1398,76
528,85	1472,49
529,05	1423,34
529,25	1431,53
529,45	1466,35
529,65	1329,13
529,85	1439,72
530,05	1394,67
530,24	1472,49
530,44	1368,04
530,64	1490,92
530,84	1443,82
531,04	1419,24
531,24	1480,68
531,44	1368,04
531,63	1406,95
531,83	1562,60
532,03	1472,49
532,23	1472,49
532,43	1578,98
532,63	1492,97
532,83	1423,34
533,02	1497,07
533,22	1345,52
533,42	1406,95
533,62	1439,72
533,82	1425,39
534,02	1433,58
534,22	1474,54
534,41	1423,34
534,61	1521,64
534,81	1425,39
535,01	1452,01
535,21	1521,64
535,41	1345,52
535,60	1390,57
535,80	1394,67
536,00	1374,19
536,20	1368,04
536,40	1411,05
536,60	1490,92
536,79	1392,62
536,99	1357,80
537,19	1474,54
537,39	1480,68
537,59	1443,82
537,78	1374,19
537,98	1447,91
538,18	1406,95
538,38	1566,70
538,58	1366,00
538,77	1443,82
538,97	1325,04
539,17	1497,07
539,37	1488,87
539,57	1423,34
539,77	1488,87
539,96	1415,15
540,16	1386,47
540,36	1423,34
540,56	1435,63
540,76	1423,34
540,95	1464,30
541,15	1357,80
541,35	1499,11
541,55	1492,97
541,74	1390,57
541,94	1562,60
542,14	1456,11
542,34	1456,11
542,54	1423,34
542,73	1529,83
542,93	1464,30
543,13	1433,58
543,33	1513,45
543,53	1447,91
543,72	1456,11
543,92	1513,45
544,12	1396,71
544,32	1505,26
544,51	1529,83
544,71	1431,53
544,91	1529,83
545,11	1497,07
545,30	1497,07
545,50	1488,87
545,70	1480,68
545,90	1447,91
546,10	1443,82
546,29	1538,02
546,49	1538,02
546,69	1519,59
546,89	1439,72
547,08	1431,53
547,28	1335,28
547,48	1533,93
547,68	1464,30
547,87	1431,53
548,07	1400,81
548,27	1398,76
548,47	1341,42
548,66	1398,76
548,86	1509,35
549,06	1382,38
549,25	1499,11
549,45	1449,96
549,65	1406,95
549,85	1529,83
550,04	1497,07
550,24	1421,29
550,44	1427,43
550,64	1415,15
550,83	1499,11
551,03	1472,49
551,23	1439,72
551,43	1474,54
551,62	1441,77
551,82	1472,49
552,02	1550,31
552,21	1374,19
552,41	1470,44
552,61	1535,98
552,81	1406,95
553,00	1474,54
553,20	1390,57
553,40	1499,11
553,59	1480,68
553,79	1449,96
553,99	1406,95
554,18	1400,81
554,38	1515,50
554,58	1472,49
554,78	1456,11
554,97	1417,19
555,17	1384,43
555,37	1464,30
555,56	1390,57
555,76	1480,68
555,96	1390,57
556,15	1497,07
556,35	1390,57
556,55	1456,11
556,74	1390,57
556,94	1501,16
557,14	1398,76
557,34	1439,72
557,53	1492,97
557,73	1484,78
557,93	1415,15
558,12	1458,15
558,32	1415,15
558,52	1411,05
558,71	1449,96
558,91	1415,15
559,11	1472,49
559,30	1464,30
559,50	1441,77
559,70	1441,77
559,89	1435,63
560,09	1392,62
560,29	1431,53
560,48	1464,30
560,68	1476,59
560,88	1423,34
561,07	1382,38
561,27	1382,38
561,46	1546,22
561,66	1525,74
561,86	1398,76
562,05	1353,71
562,25	1433,58
562,45	1415,15
562,64	1374,19
562,84	1466,35
563,04	1482,73
563,23	1398,76
563,43	1449,96
563,63	1540,07
563,82	1501,16
564,02	1458,15
564,21	1386,47
564,41	1460,20
564,61	1490,92
564,80	1515,50
565,00	1464,30
565,20	1406,95
565,39	1447,91
565,59	1409,00
565,78	1501,16
565,98	1505,26
566,18	1337,32
566,37	1497,07
566,57	1392,62
566,77	1406,95
566,96	1384,43
567,16	1466,35
567,35	1435,63
567,55	1480,68
567,75	1497,07
567,94	1497,07
568,14	1562,60
568,33	1431,53
568,53	1431,53
568,73	1566,70
568,92	1382,38
569,12	1411,05
569,31	1419,24
569,51	1409,00
569,71	1499,11
569,90	1513,45
570,10	1425,39
570,29	1505,26
570,49	1398,76
570,69	1529,83
570,88	1392,62
571,08	1374,19
571,27	1447,91
571,47	1521,64
571,66	1447,91
571,86	1505,26
572,06	1431,53
572,25	1386,47
572,45	1415,15
572,64	1480,68
572,84	1447,91
573,03	1480,68
573,23	1488,87
573,43	1540,07
573,62	1423,34
573,82	1538,02
574,01	1400,81
574,21	1415,15
574,40	1464,30
574,60	1480,68
574,79	1427,43
574,99	1509,35
575,19	1447,91
575,38	1472,49
575,58	1449,96
575,77	1497,07
575,97	1447,91
576,16	1492,97
576,36	1484,78
576,55	1490,92
576,75	1456,11
576,94	1480,68
577,14	1472,49
577,34	1466,35
577,53	1474,54
577,73	1499,11
577,92	1449,96
578,12	1464,30
578,31	1460,20
578,51	1529,83
578,70	1523,69
578,90	1531,88
579,09	1529,83
579,29	1538,02
579,48	1521,64
579,68	1529,83
579,87	1501,16
580,07	1460,20
580,26	1474,54
580,46	1501,16
580,65	1570,79
580,85	1431,53
581,04	1619,94
581,24	1464,30
581,43	1578,98
581,63	1519,59
581,82	1607,66
582,02	1546,22
582,21	1558,50
582,41	1603,56
582,60	1411,05
582,80	1628,14
582,99	1538,02
583,19	1538,02
583,38	1515,50
583,58	1521,64
583,77	1669,09
583,97	1581,03
584,16	1669,09
584,36	1581,03
584,55	1558,50
584,75	1548,26
584,94	1640,42
585,14	1619,94
585,33	1603,56
585,53	1693,67
585,72	1570,79
585,92	1701,86
586,11	1660,90
586,31	1746,92
586,50	1685,48
586,70	1669,09
586,89	1662,95
587,09	1632,23
587,28	1619,94
587,47	1701,86
587,67	1687,53
587,86	1800,16
588,06	1681,38
588,25	1701,86
588,45	1650,66
588,64	1685,48
588,84	1775,59
589,03	1841,12
589,23	1714,15
589,42	1837,03
589,61	1796,07
589,81	1828,84
590,00	1779,68
590,20	1880,04
590,39	1794,02
590,59	1884,13
590,78	1841,12
590,98	1841,12
591,17	1892,32
591,36	1886,18
591,56	1857,51
591,75	2070,50
591,95	1964,00
592,14	1964,00
592,34	2050,02
592,53	2047,97
592,72	2050,02
592,92	2103,26
593,11	2054,11
593,31	2121,70
593,50	2000,87
593,69	2136,03
593,89	2168,80
594,08	2119,65
594,28	2258,91
594,47	2152,42
594,67	2226,14
594,86	2252,77
595,05	2234,33
595,25	2326,49
595,44	2201,57
595,64	2291,68
595,83	2389,98
596,02	2308,06
596,22	2316,25
596,41	2381,79
596,61	2512,86
596,80	2422,75
596,99	2512,86
597,19	2459,61
597,38	2430,94
597,58	2627,54
597,77	2701,27
597,96	2635,74
598,16	2602,97
598,35	2754,52
598,54	2582,49
598,74	2770,90
598,93	2783,19
599,13	2861,01
599,32	2865,11
599,51	2807,77
599,71	3104,72
599,90	3069,91
600,09	3030,99
600,29	3037,14
600,48	2998,23
600,68	3180,50
600,87	3262,41
601,06	3291,09
601,26	3196,88
601,45	3391,44
601,64	3373,00
601,84	3688,39
602,03	3432,40
602,22	3753,93
602,42	3647,43
602,61	3712,97
602,80	3622,86
603,00	3954,63
603,19	3856,33
603,38	4108,23
603,58	4106,18
603,77	4081,60
603,96	4163,52
604,16	4347,84
604,35	4290,49
604,54	4388,80
604,74	4415,42
604,93	4437,95
605,12	4523,96
605,32	4585,40
605,51	4515,77
605,70	4663,22
605,90	4800,44
606,09	4970,42
606,28	4870,07
606,48	5038,00
606,67	5150,64
606,86	5343,15
607,06	5244,85
607,25	5494,70
607,44	5662,63
607,64	5709,74
607,83	5748,65
608,02	5765,03
608,22	5953,45
608,41	6176,67
608,60	6340,51
608,79	6567,84
608,99	6510,49
609,18	6807,45
609,37	7010,20
609,57	6985,62
609,76	7206,80
609,95	7231,38
610,15	7296,91
610,34	7559,05
610,53	7755,66
610,72	8019,85
610,92	8255,36
611,11	8238,98
611,30	8474,49
611,50	8521,60
611,69	8746,87
611,88	8916,86
612,07	9135,99
612,27	9074,55
612,46	9324,40
612,65	9510,77
612,84	9760,62
613,04	9903,98
613,23	10458,98
613,42	10426,21
613,62	10719,07
613,81	10901,34
614,00	11329,36
614,19	11485,01
614,39	11630,41
614,58	12187,46
614,77	12394,31
614,96	12998,46
615,16	13393,72
615,35	13631,28
615,54	13940,52
615,73	14188,33
615,93	14563,11
616,12	15226,65
616,31	15343,38
616,50	15914,77
616,70	16197,38
616,89	16723,71
617,08	16963,33
617,27	17495,80
617,47	17700,59
617,66	17905,39
617,85	18327,27
618,04	18775,78
618,23	19183,32
618,43	19332,82
618,62	19988,18
618,81	20393,67
619,00	20448,97
619,20	20774,60
619,39	21475,00
619,58	21823,16
619,77	22179,50
619,96	23013,02
620,16	23387,80
620,35	24266,38
620,54	24518,28
620,73	24852,10
620,93	25615,99
621,12	26322,54
621,31	26695,27
621,50	27442,78
621,69	28323,41
621,89	28378,70
622,08	29619,77
622,27	29931,06
622,46	30799,40
622,65	31342,11
622,85	32368,15
623,04	32738,83
623,23	33949,18
623,42	34207,22
623,61	35026,41
623,81	35864,03
624,00	36470,23
624,19	36924,88
624,38	37907,90
624,57	37907,90
624,76	39036,33
624,96	39468,45
625,15	39896,48
625,34	40773,01
625,53	40965,52
625,72	42065,28
625,91	42136,96
626,11	42952,05
626,30	43240,81
626,49	44516,70
626,68	45092,18
626,87	45751,62
627,06	46777,65
627,26	47385,90
627,45	47885,61
627,64	49147,15
627,83	49630,47
628,02	50646,27
628,21	51045,62
628,41	52577,50
628,60	52430,05
628,79	53478,61
628,98	53920,97
629,17	55192,76
629,36	55522,48
629,55	55895,21
629,75	56493,22
629,94	56044,71
630,13	56974,49
630,32	55833,77
630,51	56085,67
630,70	55733,42
630,89	56175,78
631,09	55094,46
631,28	54682,81
631,47	53734,60
631,66	53288,15
631,85	52079,85
632,04	51248,37
632,23	49956,10
632,42	48639,26
632,62	47494,44
632,81	45522,25
633,00	44107,10
633,19	42390,91
633,38	41182,60
633,57	39210,41
633,76	37813,70
633,95	36464,08
634,14	35255,78
634,34	33480,19
634,53	32456,21
634,72	31329,83
634,91	30047,80
635,10	29310,53
635,29	27764,31
635,48	26734,18
635,67	25880,18
635,86	24927,88
636,05	24053,39
636,24	23230,11
636,44	22320,81
636,63	21825,20
636,82	20805,31
637,01	20561,61
637,20	19842,77
637,39	19511,00
637,58	18339,56
637,77	18204,39
637,96	17749,75
638,15	17022,72
638,34	16471,81
638,53	16045,84
638,73	15636,24
638,92	15202,07
639,11	15081,24
639,30	14360,36
639,49	13866,80
639,68	13618,99
639,87	13424,44
640,06	13172,54
640,25	12902,20
640,44	12474,18
640,63	12105,54
640,82	11687,76
641,01	11501,39
641,20	11167,57
641,39	10837,85
641,58	10458,98
641,77	10450,78
641,96	9942,89
642,16	9715,56
642,35	9682,80
642,54	9361,27
642,73	9119,60
642,92	8935,29
643,11	8845,18
643,30	8357,76
643,49	8036,23
643,68	8073,09
643,87	7772,04
644,06	7755,66
644,25	7341,97
644,44	6985,62
644,63	6948,76
644,82	6752,15
645,01	6510,49
645,20	6285,22
645,39	6092,71
645,58	5887,91
645,77	5840,81
645,96	5685,16
646,15	5330,86
646,34	5199,79
646,53	5167,03
646,72	5060,53
646,91	4923,32
647,10	4489,15
647,29	4605,88
647,48	4464,57
647,67	4392,89
647,86	4339,65
648,05	4095,94
648,24	3946,44
648,43	4063,17
648,62	3798,98
648,81	3733,45
649,00	3635,14
649,19	3565,51
649,38	3514,31
649,57	3307,47
649,76	3282,89
649,95	3217,36
650,14	3209,17
650,33	3147,73
650,52	3102,67
650,71	2979,79
650,90	2881,49
651,09	2930,64
651,28	2865,11
651,47	2783,19
651,66	2785,24
651,85	2695,13
652,04	2533,34
652,23	2537,43
652,42	2594,78
652,61	2445,27
652,80	2496,47
652,99	2453,47
653,17	2381,79
653,36	2303,96
653,55	2271,20
653,74	2332,64
653,93	2293,72
654,12	2328,54
654,31	2205,66
654,50	2244,57
654,69	2263,01
654,88	2211,81
655,07	2152,42
655,26	2146,27
655,45	2031,58
655,64	2103,26
655,83	2136,03
656,02	2078,69
656,21	2031,58
656,39	2004,96
656,58	2023,39
656,77	1931,23
656,96	1947,62
657,15	1996,77
657,34	2007,01
657,53	1910,75
657,72	1982,43
657,91	1900,52
658,10	1939,43
658,29	1843,17
658,48	1884,13
658,67	1824,74
658,85	1824,74
659,04	1718,25
659,23	1822,69
659,42	1767,40
659,61	1834,98
659,80	1794,02
659,99	1857,51
660,18	1728,49
660,37	1751,01
660,56	1693,67
660,74	1751,01
660,93	1722,34
661,12	1722,34
661,31	1562,60
661,50	1726,44
661,69	1710,05
661,88	1720,29
662,07	1636,33
662,26	1695,72
662,44	1671,14
662,63	1701,86
662,82	1644,52
663,01	1671,14
663,20	1595,37
663,39	1611,75
663,58	1665,00
663,77	1685,48
663,95	1662,95
664,14	1607,66
664,33	1540,07
664,52	1540,07
664,71	1656,81
664,90	1632,23
665,09	1587,18
665,27	1603,56
665,46	1554,41
665,65	1597,42
665,84	1564,65
666,03	1531,88
666,22	1558,50
666,41	1611,75
666,59	1546,22
666,78	1554,41
666,97	1505,26
667,16	1595,37
667,35	1570,79
667,54	1535,98
667,72	1513,45
667,91	1546,22
668,10	1583,08
668,29	1497,07
668,48	1601,51
668,67	1472,49
668,85	1472,49
669,04	1509,35
669,23	1464,30
669,42	1425,39
669,61	1509,35
669,80	1476,59
669,98	1415,15
670,17	1548,26
670,36	1464,30
670,55	1423,34
670,74	1470,44
670,92	1513,45
671,11	1472,49
671,30	1480,68
671,49	1587,18
671,68	1619,94
671,86	1423,34
672,05	1540,07
672,24	1540,07
672,43	1392,62
672,62	1497,07
672,80	1415,15
672,99	1449,96
673,18	1488,87
673,37	1482,73
673,56	1517,54
673,74	1439,72
673,93	1523,69
674,12	1441,77
674,31	1531,88
674,50	1497,07
674,68	1398,76
674,87	1372,14
675,06	1464,30
675,25	1398,76
675,43	1431,53
675,62	1374,19
675,81	1464,30
676,00	1488,87
676,19	1433,58
676,37	1439,72
676,56	1406,95
676,75	1480,68
676,94	1415,15
677,12	1480,68
677,31	1449,96
677,50	1431,53
677,69	1513,45
677,87	1435,63
678,06	1376,24
678,25	1415,15
678,44	1439,72
678,62	1333,23
678,81	1488,87
679,00	1521,64
679,19	1423,34
679,37	1427,43
679,56	1327,08
679,75	1554,41
679,94	1521,64
680,12	1433,58
680,31	1447,91
680,50	1478,63
680,68	1460,20
680,87	1318,89
681,06	1529,83
681,25	1525,74
681,43	1464,30
681,62	1482,73
681,81	1458,15
682,00	1400,81
682,18	1447,91
682,37	1415,15
682,56	1439,72
682,74	1447,91
682,93	1550,31
683,12	1411,05
683,31	1427,43
683,49	1443,82
683,68	1366,00
683,87	1415,15
684,05	1464,30
684,24	1476,59
684,43	1398,76
684,61	1472,49
684,80	1368,04
684,99	1402,86
685,18	1425,39
685,36	1366,00
685,55	1484,78
685,74	1390,57
685,92	1366,00
686,11	1370,09
686,30	1419,24
686,48	1466,35
686,67	1419,24
686,86	1411,05
687,04	1439,72
687,23	1425,39
687,42	1409,00
687,60	1466,35
687,79	1394,67
687,98	1452,01
688,16	1439,72
688,35	1378,28
688,54	1538,02
688,72	1980,39
688,91	1472,49
689,10	1474,54
689,28	1488,87
689,47	1542,12
689,66	1501,16
689,84	1419,24
690,03	1427,43
690,22	1468,39
690,40	1480,68
690,59	1433,58
690,78	1431,53
690,96	1480,68
691,15	1357,80
691,34	1427,43
691,52	1472,49
691,71	1398,76
691,89	1423,34
692,08	1406,95
692,27	1447,91
692,45	1505,26
692,64	1447,91
692,83	1335,28
693,01	1439,72
693,20	1382,38
693,38	1374,19
693,57	1370,09
693,76	1431,53
693,94	1464,30
694,13	1513,45
694,32	1366,00
694,50	1572,84
694,69	1417,19
694,87	1515,50
695,06	1435,63
695,25	1415,15
695,43	1423,34
695,62	1456,11
695,80	1497,07
695,99	1415,15
696,18	1488,87
696,36	1431,53
696,55	1513,45
696,73	1460,20
696,92	1513,45
697,11	1449,96
697,29	1466,35
697,48	1374,19
697,66	1505,26
697,85	1447,91
698,04	1425,39
698,22	1452,01
698,41	1411,05
698,59	1439,72
698,78	1316,84
698,96	1505,26
699,15	1505,26
699,34	1476,59
699,52	1435,63
699,71	1458,15
699,89	1513,45
700,08	1425,39
700,26	1456,11
700,45	1439,72
700,64	1474,54
700,82	1423,34
701,01	1423,34
701,19	1505,26
701,38	1472,49
701,56	1423,34
701,75	1431,53
701,93	1388,52
702,12	1366,00
702,31	1431,53
702,49	1409,00
702,68	1517,54
702,86	1409,00
703,05	1447,91
703,23	1431,53
703,42	1546,22
703,60	1423,34
703,79	1415,15
703,97	1398,76
704,16	1439,72
704,34	1492,97
704,53	1505,26
704,72	1368,04
704,90	1390,57
705,09	1384,43
705,27	1466,35
705,46	1468,39
705,64	1484,78
705,83	1374,19
706,01	1435,63
706,20	1419,24
706,38	1431,53
706,57	1529,83
706,75	1398,76
706,94	1449,96
707,12	1509,35
707,31	1474,54
707,49	1423,34
707,68	1456,11
707,86	1464,30
708,05	1439,72
708,23	1431,53
708,42	1431,53
708,60	1456,11
708,79	1458,15
708,97	1531,88
709,16	1497,07
709,34	1406,95
709,53	1382,38
709,71	1499,11
709,90	1476,59
710,08	1480,68
710,27	1452,01
710,45	1482,73
710,64	1417,19
710,82	1431,53
711,00	1785,83
711,19	1425,39
711,37	1380,33
711,56	1374,19
711,74	1398,76
711,93	1423,34
712,11	1449,96
712,30	1402,86
712,48	1490,92
712,67	1509,35
712,85	1439,72
713,04	1423,34
713,22	1499,11
713,40	1406,95
713,59	1423,34
713,77	1480,68
713,96	1490,92
714,14	1562,60
714,33	1366,00
714,51	1423,34
714,70	1441,77
714,88	1433,58
715,06	1447,91
715,25	1275,88
715,43	1425,39
715,62	1384,43
715,80	1411,05
715,99	1421,29
716,17	1345,52
716,35	1409,00
716,54	1460,20
716,72	1449,96
716,91	1382,38
717,09	1482,73
717,28	1423,34
717,46	1574,89
717,64	1447,91
717,83	1392,62
718,01	1378,28
718,20	1425,39
718,38	1390,57
718,56	1425,39
718,75	1492,97
718,93	1497,07
719,12	1390,57
719,30	1476,59
719,48	1400,81
719,67	1433,58
719,85	1374,19
720,04	1390,57
720,22	1318,89
720,40	1406,95
720,59	1460,20
720,77	1417,19
720,96	1476,59
721,14	1366,00
721,32	1449,96
721,51	1390,57
721,69	1400,81
721,87	1472,49
722,06	1499,11
722,24	1472,49
722,43	1357,80
722,61	1449,96
722,79	1415,15
722,98	1447,91
723,16	1390,57
723,34	1472,49
723,53	1409,00
723,71	1464,30
723,90	1480,68
724,08	1406,95
724,26	1409,00
724,45	1441,77
724,63	1456,11
724,81	1423,34
725,00	1521,64
725,18	1449,96
725,36	1474,54
725,55	1425,39
725,73	1390,57
725,91	1382,38
726,10	1429,48
726,28	1523,69
726,46	1447,91
726,65	1423,34
726,83	1480,68
727,01	1406,95
727,20	1406,95
727,38	1488,87
727,56	1431,53
727,75	1425,39
727,93	1413,10
728,11	1415,15
728,30	1406,95
728,48	1296,36
728,66	1433,58
728,85	1392,62
729,03	1458,15
729,21	1466,35
729,40	1490,92
729,58	1415,15
729,76	1341,42
729,94	1400,81
730,13	1509,35
730,31	1435,63
730,49	1378,28
730,68	1447,91
730,86	1415,15
731,04	1480,68
731,23	1406,95
731,41	1366,00
731,59	1415,15
731,77	1431,53
731,96	1464,30
732,14	1513,45
732,32	1480,68
732,51	1351,66
732,69	1353,71
732,87	1392,62
733,05	1505,26
733,24	1433,58
733,42	1488,87
733,60	1409,00
733,79	1433,58
733,97	1439,72
734,15	1366,00
734,33	1480,68
734,52	1392,62
734,70	1482,73
734,88	1513,45
735,06	1406,95
735,25	1474,54
735,43	1439,72
735,61	1400,81
735,79	1411,05
735,98	1447,91
736,16	1775,59
736,34	1415,15
736,52	1423,34
736,71	1435,63
736,89	1386,47
737,07	1456,11
737,25	1390,57
737,44	1423,34
737,62	1474,54
737,80	1458,15
737,98	1449,96
738,17	1376,24
738,35	1513,45
738,53	1474,54
738,71	1460,20
738,89	1460,20
739,08	1464,30
739,26	1433,58
739,44	1447,91
739,62	1464,30
739,81	1490,92
739,99	1419,24
740,17	1441,77
740,35	1456,11
740,53	1472,49
740,72	1384,43
740,90	1456,11
741,08	1488,87
741,26	1466,35
741,44	1384,43
741,63	1507,30
741,81	1538,02
741,99	1398,76
742,17	1476,59
742,35	1439,72
742,54	1425,39
742,72	1603,56
742,90	1464,30
743,08	1443,82
743,26	1423,34
743,45	1423,34
743,63	1366,00
743,81	1513,45
743,99	1415,15
744,17	1398,76
744,35	1449,96
744,54	1517,54
744,72	1419,24
744,90	1431,53
745,08	1374,19
745,26	1409,00
745,44	1384,43
745,63	1439,72
745,81	1398,76
745,99	1443,82
746,17	1382,38
746,35	1439,72
746,53	1380,33
746,72	1474,54
746,90	1456,11
747,08	1431,53
747,26	1423,34
747,44	1472,49
747,62	1531,88
747,81	1415,15
747,99	1349,61
748,17	1433,58
748,35	1447,91
748,53	1409,00
748,71	1488,87
748,89	1468,39
749,07	1497,07
749,26	1382,38
749,44	1492,97
749,62	1458,15
749,80	1439,72
749,98	1417,19
750,16	1480,68
750,34	1425,39
750,52	1406,95
750,71	1441,77
750,89	1427,43
751,07	1415,15
751,25	1423,34
751,43	1423,34
751,61	1443,82
751,79	1406,95
751,97	1423,34
752,15	1417,19
752,34	1542,12
752,52	1390,57
752,70	1402,86
752,88	1538,02
753,06	1417,19
753,24	1460,20
753,42	1349,61
753,60	1452,01
753,78	1419,24
753,96	1406,95
754,15	1398,76
754,33	1456,11
754,51	1443,82
754,69	1398,76
754,87	1542,12
755,05	1447,91
755,23	1411,05
755,41	1382,38
755,59	1366,00
755,77	1406,95
755,95	1411,05
756,13	1480,68
756,31	1349,61
756,50	1443,82
756,68	1384,43
756,86	1441,77
757,04	1392,62
757,22	1497,07
757,40	1366,00
757,58	1390,57
757,76	1521,64
757,94	1445,87
758,12	1435,63
758,30	1392,62
758,48	1359,85
758,66	1357,80
758,84	1441,77
759,02	1384,43
759,20	1441,77
759,38	1433,58
759,56	1318,89
759,74	1480,68
759,92	1476,59
760,10	1507,30
760,28	1431,53
760,47	1351,66
760,65	1443,82
760,83	1523,69
761,01	1386,47
761,19	1439,72
761,37	1392,62
761,55	1378,28
761,73	1316,84
761,91	1406,95
762,09	1431,53
762,27	1497,07
762,45	1447,91
762,63	1423,34
762,81	1497,07
762,99	1460,20
763,17	1480,68
763,35	1439,72
763,53	1488,87
763,71	1435,63
763,89	1644,52
764,07	1521,64
764,25	1480,68
764,43	1464,30
764,61	1546,22
764,79	1431,53
764,97	1343,47
765,15	1562,60
765,33	1431,53
765,51	1509,35
765,69	1406,95
765,87	1411,05
766,05	1406,95
766,23	1435,63
766,41	1382,38
766,58	1458,15
766,76	1325,04
766,94	1374,19
767,12	1425,39
767,30	1480,68
767,48	1431,53
767,66	1386,47
767,84	1439,72
768,02	1472,49
768,20	1497,07
768,38	1540,07
768,56	1456,11
768,74	1423,34
768,92	1439,72
769,10	1456,11
769,28	1402,86
769,46	1427,43
769,64	1507,30
769,82	1538,02
770,00	1431,53
770,18	1456,11
770,36	1521,64
770,53	1423,34
770,71	1509,35
770,89	1443,82
771,07	1392,62
771,25	1447,91
771,43	1439,72
771,61	1390,57
771,79	1415,15
771,97	1435,63
772,15	1476,59
772,33	1409,00
772,51	1310,70
772,69	1384,43
772,86	1409,00
773,04	1488,87
773,22	1415,15
773,40	1415,15
773,58	1337,32
773,76	1482,73
773,94	1316,84
774,12	1406,95
774,30	1402,86
774,48	1423,34
774,65	1415,15
774,83	1349,61
775,01	1464,30
775,19	1439,72
775,37	1394,67
775,55	1464,30
775,73	1499,11
775,91	1447,91
776,09	1482,73
776,26	1468,39
776,44	1398,76
776,62	1423,34
776,80	1423,34
776,98	1398,76
777,16	1425,39
777,34	1464,30
777,52	1382,38
777,69	1570,79
777,87	1464,30
778,05	1423,34
778,23	1439,72
778,41	1587,18
778,59	1431,53
778,77	1480,68
778,94	1366,00
779,12	1329,13
779,30	1458,15
779,48	1415,15
779,66	1521,64
779,84	1398,76
780,02	1472,49
780,19	1464,30
780,37	1400,81
780,55	1480,68
780,73	1419,24
780,91	1501,16
781,09	1427,43
781,26	1425,39
781,44	1488,87
781,62	1370,09
781,80	1386,47
781,98	1417,19
782,16	1415,15
782,33	1476,59
782,51	1488,87
782,69	1341,42
782,87	1361,90
783,05	1433,58
783,22	1554,41
783,40	1464,30
783,58	1423,34
783,76	1507,30
783,94	1480,68
784,12	1439,72
784,29	1460,20
784,47	1439,72
784,65	1492,97
784,83	1458,15
785,01	1447,91
785,18	1470,44
785,36	1423,34
785,54	1548,26
785,72	1464,30
785,89	1570,79
786,07	1357,80
786,25	1505,26
786,43	1476,59
786,61	1427,43
786,78	1382,38
786,96	1464,30
787,14	1415,15
787,32	1433,58
787,49	1472,49
787,67	1406,95
787,85	1327,08
788,03	1456,11
788,21	1447,91
788,38	1361,90
788,56	1409,00
788,74	1394,67
788,92	1441,77
789,09	1458,15
789,27	1343,47
789,45	1382,38
789,63	1411,05
789,80	1439,72
789,98	1300,46
790,16	1529,83
790,34	1417,19
790,51	1384,43
790,69	1480,68
790,87	1476,59
791,05	1384,43
791,22	1439,72
791,40	1378,28
791,58	1392,62
791,76	1527,78
791,93	1562,60
792,11	1480,68
792,29	1402,86
792,46	1449,96
792,64	1433,58
792,82	1431,53
793,00	1384,43
793,17	1423,34
793,35	1562,60
793,53	1533,93
793,70	1447,91
793,88	1449,96
794,06	1439,72
794,24	1402,86
794,41	1488,87
794,59	1419,24
794,77	1433,58
794,94	1480,68
795,12	1480,68
795,30	1423,34
795,47	1482,73
795,65	1357,80
795,83	1497,07
796,01	1415,15
796,18	1447,91
796,36	1333,23
796,54	1472,49
796,71	1542,12
796,89	1515,50
797,07	1472,49
797,24	1470,44
797,42	1546,22
797,60	1535,98
797,77	1499,11
797,95	1443,82
798,13	1415,15
798,30	1423,34
798,48	1447,91
798,66	1431,53
798,83	1505,26
799,01	1374,19
799,19	1488,87
799,36	1456,11
799,54	1447,91
799,72	1476,59
799,89	1464,30
800,07	1497,07
800,25	1357,80
800,42	1452,01
800,60	1415,15
800,78	1417,19
800,95	1458,15
801,13	1529,83
801,30	1456,11
801,48	1417,19
801,66	1392,62
801,83	1458,15
802,01	1433,58
802,19	1312,75
802,36	1402,86
802,54	1441,77
802,72	1472,49
802,89	1515,50
803,07	1439,72
803,24	1456,11
803,42	1464,30
803,60	1398,76
803,77	1476,59
803,95	1456,11
804,12	1419,24
804,30	1353,71
804,48	1402,86
804,65	1409,00
804,83	1538,02
805,01	1431,53
805,18	1488,87
805,36	1441,77
805,53	1349,61
805,71	1435,63
805,88	1433,58
806,06	1423,34
806,24	1425,39
806,41	1433,58
806,59	1349,61
806,76	1327,08
806,94	1443,82
807,12	1406,95
807,29	1492,97
807,47	1427,43
807,64	1509,35
807,82	1464,30
807,99	1370,09
808,17	1390,57
808,35	1417,19
808,52	1452,01
808,70	1431,53
808,87	1341,42
809,05	1447,91
809,22	1441,77
809,40	1378,28
809,58	1368,04
809,75	1292,27
809,93	1308,65
810,10	1325,04
810,28	1431,53
810,45	1425,39
810,63	1515,50
810,80	1441,77
810,98	1472,49
811,15	1370,09
811,33	1488,87
811,51	1374,19
811,68	1349,61
811,86	1417,19
812,03	1458,15
812,21	1390,57
812,38	1406,95
812,56	1441,77
812,73	1474,54
812,91	1406,95
813,08	1366,00
813,26	1415,15
813,43	1464,30
813,61	1490,92
813,78	1499,11
813,96	1466,35
814,13	1374,19
814,31	1449,96
814,48	1417,19
814,66	1390,57
814,83	1441,77
815,01	1497,07
815,18	1488,87
815,36	1511,40
815,53	1466,35
815,71	1431,53
815,88	1415,15
816,06	1439,72
816,23	1415,15
816,41	1374,19
816,58	1447,91
816,76	1693,67
816,93	1472,49
817,11	1423,34
817,28	1466,35
817,46	1490,92
817,63	1411,05
817,81	1523,69
817,98	1476,59
818,16	1382,38
818,33	1409,00
818,51	1406,95
818,68	1335,28
818,86	1521,64
819,03	1439,72
819,21	1495,02
819,38	1490,92
819,55	1423,34
819,73	1538,02
819,90	1308,65
820,08	1449,96
820,25	1447,91
820,43	1472,49
820,60	1447,91
820,78	1480,68
820,95	1406,95
821,12	1425,39
821,30	1333,23
821,47	1562,60
821,65	1425,39
821,82	1562,60
822,00	1464,30
822,17	1406,95
822,35	1441,77
822,52	1531,88
822,69	1433,58
822,87	1480,68
823,04	1353,71
823,22	1431,53
823,39	1406,95
823,56	1464,30
823,74	1361,90
823,91	1415,15
824,09	1423,34
824,26	1419,24
824,44	1374,19
824,61	1517,54
824,78	1488,87
824,96	1370,09
825,13	1433,58
825,31	1466,35
825,48	1439,72
825,65	1474,54
825,83	1406,95
826,00	1449,96
826,18	1464,30
826,35	1439,72
826,52	1406,95
826,70	1374,19
826,87	1529,83
827,04	1431,53
827,22	1292,27
827,39	1456,11
827,57	1488,87
827,74	1411,05
827,91	1351,66
828,09	1423,34
828,26	1378,28
828,43	1466,35
828,61	1529,83
828,78	1349,61
828,96	1464,30
829,13	1390,57
829,30	1449,96
829,48	1423,34
829,65	1406,95
829,82	1368,04
830,00	1382,38
830,17	1396,71
830,34	1398,76
830,52	1392,62
830,69	1378,28
830,86	1464,30
831,04	1353,71
831,21	1480,68
831,38	1398,76
831,56	1445,87
831,73	1423,34
831,90	1441,77
832,08	1382,38
832,25	1458,15
832,42	1439,72
832,60	1474,54
832,77	1423,34
832,94	1431,53
833,12	1417,19
833,29	1443,82
833,46	1439,72
833,64	1488,87
833,81	1460,20
833,98	1423,34
834,16	1333,23
834,33	1441,77
834,50	1435,63
834,67	1449,96
834,85	1423,34
835,02	1431,53
835,19	1390,57
835,37	1374,19
835,54	1419,24
835,71	1390,57
835,89	1345,52
836,06	1513,45
836,23	1443,82
836,40	1351,66
836,58	1525,74
836,75	1554,41
836,92	1447,91
837,10	1335,28
837,27	1345,52
837,44	1435,63
837,61	1433,58
837,79	1400,81
837,96	1406,95
838,13	1376,24
838,30	1431,53
838,48	1341,42
838,65	1404,91
838,82	1419,24
838,99	1419,24
839,17	1488,87
839,34	1468,39
839,51	1406,95
839,69	1392,62
839,86	1406,95
840,03	1497,07
840,20	1423,34
840,37	1439,72
840,55	1433,58
840,72	1447,91
840,89	1472,49
841,06	1505,26
841,24	1386,47
841,41	1472,49
841,58	1406,95
841,75	1415,15
841,93	1482,73
842,10	1439,72
842,27	1376,24
842,44	1398,76
842,62	1400,81
842,79	1572,84
842,96	1458,15
843,13	1390,57
843,30	1460,20
843,48	1464,30
843,65	1521,64
843,82	1533,93
843,99	1505,26
844,16	1435,63
844,34	1449,96
844,51	1490,92
844,68	1452,01
844,85	1443,82
845,02	1423,34
845,20	1382,38
845,37	1447,91
845,54	1505,26
845,71	1386,47
845,88	1423,34
846,06	1480,68
846,23	1427,43
846,40	1449,96
846,57	1411,05
846,74	1433,58
846,91	1431,53
847,09	1406,95
847,26	1492,97
847,43	1513,45
847,60	1400,81
847,77	1431,53
847,94	1390,57
848,12	1398,76
848,29	1447,91
848,46	1431,53
848,63	1464,30
848,80	1423,34
848,97	1513,45
849,15	1505,26
849,32	1366,00
849,49	1447,91
849,66	1443,82
849,83	1488,87
850,00	1466,35
850,17	1462,25
850,35	1488,87
850,52	1484,78
850,69	1439,72
850,86	1515,50
851,03	1378,28
851,20	1400,81
851,37	1400,81
851,55	1409,00
851,72	1427,43
851,89	1472,49
852,06	1382,38
852,23	1439,72
852,40	1468,39
852,57	1374,19
852,74	1423,34
852,92	1384,43
853,09	1366,00
853,26	1472,49
853,43	1423,34
853,60	1439,72
853,77	1480,68
853,94	1376,24
854,11	1449,96
854,28	1794,02
854,45	1464,30
854,63	1390,57
854,80	1464,30
854,97	1449,96
855,14	1456,11
855,31	1468,39
855,48	1415,15
855,65	1398,76
855,82	1439,72
855,99	1456,11
856,16	1427,43
856,33	1431,53
856,50	1447,91
856,68	1509,35
856,85	1556,46
857,02	1433,58
857,19	1525,74
857,36	1488,87
857,53	1423,34
857,70	1415,15
857,87	1368,04
858,04	1357,80
858,21	1435,63
858,38	1374,19
858,55	1490,92
858,72	1431,53
858,89	1415,15
859,06	1556,46
859,23	1490,92
859,40	1505,26
859,58	1439,72
859,75	1507,30
859,92	1447,91
860,09	1449,96
860,26	1417,19
860,43	1409,00
860,60	1370,09
860,77	1431,53
860,94	1425,39
861,11	1423,34
861,28	1497,07
861,45	1439,72
861,62	1538,02
861,79	1464,30
861,96	1415,15
862,13	1466,35
862,30	1366,00
862,47	1382,38
862,64	1624,04
862,81	1382,38
862,98	1378,28
863,15	1443,82
863,32	1449,96
863,49	1492,97
863,66	1384,43
863,83	1427,43
864,00	1357,80
864,17	1466,35
864,34	1452,01
864,51	1466,35
864,68	1406,95
864,85	1366,00
865,02	1443,82
865,19	1386,47
865,36	1384,43
865,53	1431,53
865,70	1345,52
865,87	1501,16
866,04	1439,72
866,21	1456,11
866,38	1464,30
866,55	1423,34
866,72	1456,11
866,89	1464,30
867,06	1409,00
867,23	1386,47
867,40	1456,11
867,57	1456,11
867,73	1439,72
867,90	1499,11
868,07	1542,12
868,24	1431,53
868,41	1497,07
868,58	1458,15
868,75	1415,15
868,92	1472,49
869,09	1439,72
869,26	1390,57
869,43	1472,49
869,60	1456,11
869,77	1417,19
869,94	1427,43
870,11	1466,35
870,28	1409,00
870,45	1398,76
870,61	1480,68
870,78	1427,43
870,95	1482,73
871,12	1466,35
871,29	1456,11
871,46	1558,50
871,63	1443,82
871,80	1392,62
871,97	1449,96
872,14	1525,74
872,31	1472,49
872,47	1398,76
872,64	1378,28
872,81	1386,47
872,98	1472,49
873,15	1398,76
873,32	1456,11
873,49	1468,39
873,66	1423,34
873,83	1439,72
874,00	1513,45
874,16	1425,39
874,33	1402,86
874,50	1382,38
874,67	1390,57
874,84	1409,00
875,01	1490,92
875,18	1392,62
875,35	1374,19
875,51	1490,92
875,68	1507,30
875,85	1480,68
876,02	1447,91
876,19	1521,64
876,36	1415,15
876,53	1497,07
876,69	1492,97
876,86	1497,07
877,03	1449,96
877,20	1466,35
877,37	1390,57
877,54	1425,39
877,71	1480,68
877,87	1452,01
878,04	1505,26
878,21	1343,47
878,38	1441,77
878,55	1468,39
878,72	1431,53
878,88	1456,11
879,05	1507,30
879,22	1415,15
879,39	1447,91
879,56	1464,30
879,73	1490,92
879,89	1398,76
880,06	1476,59
880,23	1411,05
880,40	1406,95
880,57	1417,19
880,74	1490,92
880,90	1370,09
881,07	1476,59
881,24	1589,22
881,41	1423,34
881,58	1439,72
881,74	1433,58
881,91	1480,68
882,08	1456,11
882,25	1578,98
882,42	1447,91
882,58	1697,77
882,75	1505,26
882,92	1515,50
883,09	1394,67
883,26	1386,47
883,42	1488,87
883,59	1443,82
883,76	1331,18
883,93	1468,39
884,09	1406,95
884,26	1490,92
884,43	1492,97
884,60	1460,20
884,77	1554,41
884,93	1480,68
885,10	1415,15
885,27	1499,11
885,44	1456,11
885,60	1523,69
885,77	1466,35
885,94	1523,69
886,11	1447,91
886,27	1468,39
886,44	1505,26
886,61	1488,87
886,78	1472,49
886,94	1509,35
887,11	1523,69
887,28	1464,30
887,45	1398,76
887,61	1460,20
887,78	1415,15
887,95	1398,76
888,12	1443,82
888,28	1409,00
888,45	1423,34
888,62	1423,34
888,78	1466,35
888,95	1433,58
889,12	1431,53
889,29	1464,30
889,45	1415,15
889,62	1497,07
889,79	1464,30
889,95	1398,76
890,12	1452,01
890,29	1464,30
890,46	1531,88
890,62	1513,45
