178,13	1202,16
178,35	1202,16
178,57	1202,16
178,78	1259,50
179,00	1220,59
179,22	1357,80
179,44	1409,00
179,66	1366,00
179,87	1460,20
180,09	1366,00
180,31	1439,72
180,53	1361,90
180,75	1359,85
180,96	1284,08
181,18	1341,42
181,40	1366,00
181,62	1382,38
181,84	1472,49
182,05	1376,24
182,27	1341,42
182,49	1310,70
182,71	1300,46
182,92	1466,35
183,14	1357,80
183,36	1374,19
183,58	1386,47
183,80	1425,39
184,01	1325,04
184,23	1392,62
184,45	1419,24
184,67	1402,86
184,89	1275,88
185,10	1406,95
185,32	1366,00
185,54	1347,56
185,76	1353,71
185,97	1370,09
186,19	1398,76
186,41	1357,80
186,63	1374,19
186,84	1349,61
187,06	1318,89
187,28	1400,81
187,50	1294,32
187,72	1390,57
187,93	1417,19
188,15	1357,80
188,37	1460,20
188,59	1406,95
188,80	1411,05
189,02	1452,01
189,24	1386,47
189,46	1464,30
189,67	1419,24
189,89	1378,28
190,11	1335,28
190,33	1400,81
190,54	1411,05
190,76	1464,30
190,98	1370,09
191,20	1349,61
191,41	1370,09
191,63	1509,35
191,85	1398,76
192,07	1417,19
192,28	1325,04
192,50	1325,04
192,72	1370,09
192,94	1415,15
193,15	1349,61
193,37	1449,96
193,59	1458,15
193,81	1359,85
194,02	1333,23
194,24	1374,19
194,46	1384,43
194,67	1368,04
194,89	1406,95
195,11	1357,80
195,33	1398,76
195,54	1468,39
195,76	1366,00
195,98	1366,00
196,20	1359,85
196,41	1341,42
196,63	1439,72
196,85	1456,11
197,06	1286,12
197,28	1333,23
197,50	1382,38
197,72	1357,80
197,93	1370,09
198,15	1419,24
198,37	1419,24
198,58	1382,38
198,80	1310,70
199,02	1398,76
199,24	1382,38
199,45	1392,62
199,67	1327,08
199,89	1382,38
200,10	1374,19
200,32	1304,56
200,54	1312,75
200,76	1394,67
200,97	1429,48
201,19	1312,75
201,41	1376,24
201,62	1349,61
201,84	1366,00
202,06	1427,43
202,28	1439,72
202,49	1456,11
202,71	1466,35
202,93	1316,84
203,14	1415,15
203,36	1349,61
203,58	1366,00
203,79	1335,28
204,01	1464,30
204,23	1347,56
204,44	1384,43
204,66	1419,24
204,88	1423,34
205,10	1402,86
205,31	1325,04
205,53	1359,85
205,75	1400,81
205,96	1361,90
206,18	1374,19
206,40	1284,08
206,61	1349,61
206,83	1357,80
207,05	1308,65
207,26	1366,00
207,48	1476,59
207,70	1359,85
207,91	1417,19
208,13	1366,00
208,35	1374,19
208,56	1370,09
208,78	1409,00
209,00	1376,24
209,21	1363,95
209,43	1392,62
209,65	1423,34
209,86	1376,24
210,08	1427,43
210,30	1449,96
210,51	1325,04
210,73	1351,66
210,95	1433,58
211,16	1341,42
211,38	1325,04
211,60	1357,80
211,81	1415,15
212,03	1325,04
212,25	1400,81
212,46	1390,57
212,68	1449,96
212,90	1431,53
213,11	1333,23
213,33	1497,07
213,55	1374,19
213,76	1374,19
213,98	1411,05
214,20	1505,26
214,41	1431,53
214,63	1376,24
214,84	1382,38
215,06	1398,76
215,28	1390,57
215,49	1439,72
215,71	1449,96
215,93	1464,30
216,14	1374,19
216,36	1380,33
216,58	1406,95
216,79	1441,77
217,01	1384,43
217,22	1357,80
217,44	1529,83
217,66	1406,95
217,87	1441,77
218,09	1325,04
218,31	1345,52
218,52	1382,38
218,74	1400,81
218,95	1439,72
219,17	1339,37
219,39	1345,52
219,60	1415,15
219,82	1406,95
220,04	1325,04
220,25	1396,71
220,47	1343,47
220,68	1460,20
220,90	1366,00
221,12	1380,33
221,33	1353,71
221,55	1423,34
221,77	1359,85
221,98	1296,36
222,20	1423,34
222,41	1378,28
222,63	1337,32
222,85	1390,57
223,06	1357,80
223,28	1396,71
223,49	1415,15
223,71	1447,91
223,93	1366,00
224,14	1400,81
224,36	1390,57
224,57	1322,99
224,79	1400,81
225,01	1435,63
225,22	1423,34
225,44	1398,76
225,65	1390,57
225,87	1386,47
226,09	1327,08
226,30	1505,26
226,52	1415,15
226,73	1308,65
226,95	1470,44
227,17	1392,62
227,38	1419,24
227,60	1507,30
227,81	1306,60
228,03	1400,81
228,24	1456,11
228,46	1406,95
228,68	1374,19
228,89	1390,57
229,11	1357,80
229,32	1398,76
229,54	1316,84
229,75	1423,34
229,97	1325,04
230,19	1308,65
230,40	1374,19
230,62	1325,04
230,83	1406,95
231,05	1439,72
231,26	1353,71
231,48	1308,65
231,70	1406,95
231,91	1390,57
232,13	1458,15
232,34	1445,87
232,56	1357,80
232,77	1423,34
232,99	1335,28
233,21	1540,07
233,42	1308,65
233,64	1447,91
233,85	1390,57
234,07	1370,09
234,28	1357,80
234,50	1400,81
234,71	1351,66
234,93	1398,76
235,15	1359,85
235,36	1366,00
235,58	1406,95
235,79	1341,42
236,01	1388,52
236,22	1394,67
236,44	1476,59
236,65	1390,57
236,87	1376,24
237,08	1382,38
237,30	1423,34
237,52	1331,18
237,73	1386,47
237,95	1423,34
238,16	1349,61
238,38	1452,01
238,59	1382,38
238,81	1411,05
239,02	1345,52
239,24	1394,67
239,45	1433,58
239,67	1382,38
239,88	1374,19
240,10	1390,57
240,31	1345,52
240,53	1325,04
240,74	1357,80
240,96	1392,62
241,18	1388,52
241,39	1380,33
241,61	1394,67
241,82	1327,08
242,04	1335,28
242,25	1447,91
242,47	1372,14
242,68	1427,43
242,90	1366,00
243,11	1423,34
243,33	1316,84
243,54	1482,73
243,76	1345,52
243,97	1488,87
244,19	1333,23
244,40	1443,82
244,62	1277,93
244,83	1374,19
245,05	1366,00
245,26	1320,94
245,48	1441,77
245,69	1345,52
245,91	1316,84
246,12	1341,42
246,34	1390,57
246,55	1421,29
246,77	1306,60
246,98	1357,80
247,20	1366,00
247,41	1382,38
247,63	1376,24
247,84	1409,00
248,06	1447,91
248,27	1296,36
248,49	1406,95
248,70	1433,58
248,92	1284,08
249,13	1357,80
249,35	1370,09
249,56	1370,09
249,78	1279,98
249,99	1398,76
250,21	1466,35
250,42	1423,34
250,64	1386,47
250,85	1357,80
251,06	1452,01
251,28	1349,61
251,49	1374,19
251,71	1366,00
251,92	1345,52
252,14	1406,95
252,35	1259,50
252,57	1361,90
252,78	1431,53
253,00	1357,80
253,21	1333,23
253,43	1406,95
253,64	1345,52
253,86	1353,71
254,07	1327,08
254,28	1247,21
254,50	1472,49
254,71	1472,49
254,93	1335,28
255,14	1415,15
255,36	1415,15
255,57	1398,76
255,79	1341,42
256,00	1456,11
256,22	1425,39
256,43	1439,72
256,64	1497,07
256,86	1411,05
257,07	1411,05
257,29	1341,42
257,50	1290,22
257,72	1406,95
257,93	1366,00
258,15	1482,73
258,36	1327,08
258,57	1398,76
258,79	1304,56
259,00	1351,66
259,22	1378,28
259,43	1359,85
259,65	1417,19
259,86	1376,24
260,08	1318,89
260,29	1578,98
260,50	1292,27
260,72	1644,52
260,93	1349,61
261,15	1415,15
261,36	1284,08
261,58	1382,38
261,79	1415,15
262,00	1390,57
262,22	1474,54
262,43	1423,34
262,65	1456,11
262,86	1382,38
263,07	1331,18
263,29	1492,97
263,50	1447,91
263,72	1312,75
263,93	1384,43
264,15	1351,66
264,36	1394,67
264,57	1333,23
264,79	1517,54
265,00	1333,23
265,22	1431,53
265,43	1351,66
265,64	1325,04
265,86	1310,70
266,07	1339,37
266,29	1382,38
266,50	1384,43
266,71	1392,62
266,93	1431,53
267,14	1390,57
267,36	1349,61
267,57	1482,73
267,78	1423,34
268,00	1439,72
268,21	1492,97
268,43	1409,00
268,64	1374,19
268,85	1400,81
269,07	1417,19
269,28	1415,15
269,50	1370,09
269,71	1353,71
269,92	1431,53
270,14	1402,86
270,35	1275,88
270,56	1456,11
270,78	1288,17
270,99	1366,00
271,21	1355,76
271,42	1316,84
271,63	1382,38
271,85	1398,76
272,06	1296,36
272,27	1308,65
272,49	1349,61
272,70	1382,38
272,92	1398,76
273,13	1390,57
273,34	1316,84
273,56	1366,00
273,77	1466,35
273,98	1425,39
274,20	1447,91
274,41	1386,47
274,63	1398,76
274,84	1353,71
275,05	1376,24
275,27	1318,89
275,48	1335,28
275,69	1415,15
275,91	1341,42
276,12	1345,52
276,33	1318,89
276,55	1435,63
276,76	1341,42
276,97	1411,05
277,19	1390,57
277,40	1400,81
277,61	1366,00
277,83	1382,38
278,04	1361,90
278,26	1345,52
278,47	1423,34
278,68	1431,53
278,90	1300,46
279,11	1316,84
279,32	1390,57
279,54	1433,58
279,75	1439,72
279,96	1366,00
280,18	1406,95
280,39	1423,34
280,60	1384,43
280,82	1431,53
281,03	1325,04
281,24	1443,82
281,46	1417,19
281,67	1406,95
281,88	1357,80
282,10	1406,95
282,31	1472,49
282,52	1449,96
282,74	1316,84
282,95	1423,34
283,16	1386,47
283,37	1351,66
283,59	1431,53
283,80	1390,57
284,01	1533,93
284,23	1251,31
284,44	1402,86
284,65	1505,26
284,87	1333,23
285,08	1394,67
285,29	1439,72
285,51	1374,19
285,72	1366,00
285,93	1466,35
286,15	1366,00
286,36	1368,04
286,57	1507,30
286,78	1316,84
287,00	1382,38
287,21	1417,19
287,42	1423,34
287,64	1361,90
287,85	1398,76
288,06	1409,00
288,28	1472,49
288,49	1363,95
288,70	1349,61
288,91	1406,95
289,13	1443,82
289,34	1378,28
289,55	1398,76
289,77	1431,53
289,98	1386,47
290,19	1400,81
290,40	1376,24
290,62	1480,68
290,83	1390,57
291,04	1398,76
291,26	1341,42
291,47	1349,61
291,68	1464,30
291,89	1392,62
292,11	1376,24
292,32	1427,43
292,53	1546,22
292,74	1359,85
292,96	1316,84
293,17	1398,76
293,38	1402,86
293,60	1390,57
293,81	1398,76
294,02	1308,65
294,23	1392,62
294,45	1445,87
294,66	1357,80
294,87	1439,72
295,08	1304,56
295,30	1431,53
295,51	1402,86
295,72	1406,95
295,93	1366,00
296,15	1376,24
296,36	1456,11
296,57	1409,00
296,78	1374,19
297,00	1361,90
297,21	1404,91
297,42	1458,15
297,63	1382,38
297,85	1433,58
298,06	1378,28
298,27	1368,04
298,48	1439,72
298,70	1341,42
298,91	1562,60
299,12	1353,71
299,33	1353,71
299,55	1366,00
299,76	1329,13
299,97	1394,67
300,18	1337,32
300,40	1300,46
300,61	1308,65
300,82	1322,99
301,03	1341,42
301,24	1392,62
301,46	1435,63
301,67	1390,57
301,88	1398,76
302,09	1431,53
302,31	1353,71
302,52	1456,11
302,73	1495,02
302,94	1449,96
303,15	1300,46
303,37	1296,36
303,58	1351,66
303,79	1392,62
304,00	1456,11
304,22	1316,84
304,43	1366,00
304,64	1374,19
304,85	1392,62
305,06	1419,24
305,28	1355,76
305,49	1447,91
305,70	1409,00
305,91	1292,27
306,12	1417,19
306,34	1366,00
306,55	1394,67
306,76	1433,58
306,97	1597,42
307,18	1433,58
307,40	1390,57
307,61	1431,53
307,82	1431,53
308,03	1497,07
308,24	1521,64
308,46	1533,93
308,67	1484,78
308,88	1497,07
309,09	1587,18
309,30	1562,60
309,52	1517,54
309,73	1562,60
309,94	1415,15
310,15	1515,50
310,36	1499,11
310,57	1505,26
310,79	1488,87
311,00	1447,91
311,21	1415,15
311,42	1529,83
311,63	1515,50
311,85	1439,72
312,06	1562,60
312,27	1718,25
312,48	1955,81
312,69	2095,07
312,90	2533,34
313,12	2709,46
313,33	2906,07
313,54	2842,58
313,75	2545,63
313,96	2357,21
314,17	1972,19
314,39	1652,71
314,60	1529,83
314,81	1490,92
315,02	1468,39
315,23	1417,19
315,44	1464,30
315,65	1507,30
315,87	1460,20
316,08	1464,30
316,29	1466,35
316,50	1361,90
316,71	1425,39
316,92	1376,24
317,14	1423,34
317,35	1441,77
317,56	1415,15
317,77	1425,39
317,98	1419,24
318,19	1400,81
318,40	1415,15
318,62	1507,30
318,83	1413,10
319,04	1460,20
319,25	1419,24
319,46	1546,22
319,67	1456,11
319,88	1368,04
320,09	1378,28
320,31	1400,81
320,52	1398,76
320,73	1460,20
320,94	1456,11
321,15	1447,91
321,36	1466,35
321,57	1423,34
321,78	1449,96
322,00	1415,15
322,21	1411,05
322,42	1443,82
322,63	1423,34
322,84	1325,04
323,05	1497,07
323,26	1390,57
323,47	1437,67
323,69	1433,58
323,90	1415,15
324,11	1335,28
324,32	1398,76
324,53	1417,19
324,74	1355,76
324,95	1425,39
325,16	1394,67
325,37	1409,00
325,59	1378,28
325,80	1411,05
326,01	1370,09
326,22	1441,77
326,43	1423,34
326,64	1382,38
326,85	1431,53
327,06	1398,76
327,27	1366,00
327,48	1447,91
327,69	1503,21
327,91	1366,00
328,12	1361,90
328,33	1269,74
328,54	1382,38
328,75	1402,86
328,96	1390,57
329,17	1390,57
329,38	1349,61
329,59	1390,57
329,80	1746,92
330,01	1431,53
330,23	1484,78
330,44	1431,53
330,65	1398,76
330,86	1390,57
331,07	1357,80
331,28	1361,90
331,49	1374,19
331,70	1488,87
331,91	1300,46
332,12	1415,15
332,33	1378,28
332,54	1406,95
332,75	1437,67
332,96	1316,84
333,17	1464,30
333,39	1431,53
333,60	1345,52
333,81	1497,07
334,02	1439,72
334,23	1644,52
334,44	1517,54
334,65	1529,83
334,86	1613,80
335,07	1538,02
335,28	1382,38
335,49	1501,16
335,70	1386,47
335,91	1343,47
336,12	1400,81
336,33	1492,97
336,54	1325,04
336,75	1460,20
336,96	1351,66
337,17	1409,00
337,39	1341,42
337,60	1386,47
337,81	1488,87
338,02	1366,00
338,23	1378,28
338,44	1378,28
338,65	1353,71
338,86	1382,38
339,07	1452,01
339,28	1368,04
339,49	1388,52
339,70	1333,23
339,91	1439,72
340,12	1415,15
340,33	1423,34
340,54	1409,00
340,75	1406,95
340,96	1425,39
341,17	1425,39
341,38	1368,04
341,59	1411,05
341,80	1443,82
342,01	1411,05
342,22	1366,00
342,43	1366,00
342,64	1392,62
342,85	1333,23
343,06	1425,39
343,27	1398,76
343,48	1431,53
343,69	1310,70
343,90	1341,42
344,11	1349,61
344,32	1376,24
344,53	1390,57
344,74	1464,30
344,95	1300,46
345,16	1435,63
345,37	1390,57
345,58	1361,90
345,79	1351,66
346,00	1464,30
346,21	1316,84
346,42	1452,01
346,63	1349,61
346,84	1353,71
347,05	1409,00
347,26	1435,63
347,47	1370,09
347,68	1402,86
347,89	1357,80
348,10	1435,63
348,31	1325,04
348,52	1390,57
348,73	1452,01
348,94	1366,00
349,15	1415,15
349,36	1398,76
349,57	1390,57
349,78	1456,11
349,99	1382,38
350,20	1411,05
350,41	1431,53
350,62	1341,42
350,83	1390,57
351,04	1349,61
351,25	1378,28
351,46	1359,85
351,67	1349,61
351,88	1400,81
352,09	1456,11
352,30	1439,72
352,50	1447,91
352,71	1431,53
352,92	1312,75
353,13	1411,05
353,34	1382,38
353,55	1423,34
353,76	1341,42
353,97	1515,50
354,18	1382,38
354,39	1447,91
354,60	1447,91
354,81	1456,11
355,02	1429,48
355,23	1464,30
355,44	1400,81
355,65	1341,42
355,86	1497,07
356,07	1398,76
356,28	1361,90
356,48	1382,38
356,69	1368,04
356,90	1341,42
357,11	1390,57
357,32	1480,68
357,53	1425,39
357,74	1447,91
357,95	1439,72
358,16	1366,00
358,37	1447,91
358,58	1394,67
358,79	1370,09
359,00	1443,82
359,21	1415,15
359,41	1439,72
359,62	1415,15
359,83	1425,39
360,04	1370,09
360,25	1468,39
360,46	1368,04
360,67	1384,43
360,88	1345,52
361,09	1431,53
361,30	1415,15
361,51	1382,38
361,72	1447,91
361,92	1474,54
362,13	1400,81
362,34	1357,80
362,55	1382,38
362,76	1368,04
362,97	1361,90
363,18	1529,83
363,39	1462,25
363,60	1505,26
363,81	1513,45
364,01	1718,25
364,22	1957,86
364,43	2562,01
364,64	4323,26
364,85	6602,65
365,06	9062,26
365,27	10706,78
365,48	11401,04
365,69	9557,87
365,89	7718,79
366,10	5584,81
366,31	4206,53
366,52	3495,88
366,73	3082,19
366,94	2516,95
367,15	2039,78
367,36	1877,99
367,57	1734,63
367,77	1611,75
367,98	1456,11
368,19	1460,20
368,40	1476,59
368,61	1497,07
368,82	1390,57
369,03	1476,59
369,23	1566,70
369,44	1384,43
369,65	1372,14
369,86	1366,00
370,07	1392,62
370,28	1409,00
370,49	1425,39
370,70	1433,58
370,90	1382,38
371,11	1406,95
371,32	1406,95
371,53	1406,95
371,74	1351,66
371,95	1349,61
372,16	1341,42
372,36	1447,91
372,57	1378,28
372,78	1409,00
372,99	1359,85
373,20	1349,61
373,41	1343,47
373,61	1409,00
373,82	1456,11
374,03	1390,57
374,24	1431,53
374,45	1431,53
374,66	1361,90
374,86	1505,26
375,07	1390,57
375,28	1456,11
375,49	1363,95
375,70	1368,04
375,91	1366,00
376,11	1400,81
376,32	1456,11
376,53	1427,43
376,74	1484,78
376,95	1810,40
377,16	1390,57
377,36	1398,76
377,57	1361,90
377,78	1404,91
377,99	1372,14
378,20	1366,00
378,40	1404,91
378,61	1415,15
378,82	1431,53
379,03	1374,19
379,24	1480,68
379,45	1382,38
379,65	1335,28
379,86	1439,72
380,07	1349,61
380,28	1443,82
380,49	1374,19
380,69	1513,45
380,90	1484,78
381,11	1353,71
381,32	1406,95
381,53	1427,43
381,73	1402,86
381,94	1439,72
382,15	1368,04
382,36	1415,15
382,57	1390,57
382,77	1355,76
382,98	1384,43
383,19	1415,15
383,40	1513,45
383,60	1361,90
383,81	1476,59
384,02	1431,53
384,23	1368,04
384,44	1398,76
384,64	1417,19
384,85	1456,11
385,06	1357,80
385,27	1335,28
385,48	1384,43
385,68	1366,00
385,89	1431,53
386,10	1404,91
386,31	1337,32
386,51	1394,67
386,72	1386,47
386,93	1415,15
387,14	1470,44
387,34	1439,72
387,55	1329,13
387,76	1374,19
387,97	1366,00
388,17	1374,19
388,38	1439,72
388,59	1441,77
388,80	1361,90
389,01	1456,11
389,21	1374,19
389,42	1400,81
389,63	1476,59
389,84	1341,42
390,04	1433,58
390,25	1394,67
390,46	1439,72
390,67	1374,19
390,87	1409,00
391,08	1513,45
391,29	1419,24
391,49	1449,96
391,70	1423,34
391,91	1505,26
392,12	1427,43
392,32	1333,23
392,53	1417,19
392,74	1415,15
392,95	1394,67
393,15	1402,86
393,36	1406,95
393,57	1390,57
393,78	1439,72
393,98	1425,39
394,19	1458,15
394,40	1554,41
394,60	1349,61
394,81	1384,43
395,02	1382,38
395,23	1406,95
395,43	1456,11
395,64	1458,15
395,85	1349,61
396,06	1316,84
396,26	1382,38
396,47	1374,19
396,68	1322,99
396,88	1480,68
397,09	1368,04
397,30	1439,72
397,50	1409,00
397,71	1345,52
397,92	1398,76
398,13	1382,38
398,33	1349,61
398,54	1476,59
398,75	1341,42
398,95	1501,16
399,16	1456,11
399,37	1378,28
399,57	1439,72
399,78	1482,73
399,99	1386,47
400,20	1615,85
400,40	1345,52
400,61	1417,19
400,82	1333,23
401,02	1394,67
401,23	1460,20
401,44	1318,89
401,64	1490,92
401,85	1488,87
402,06	1466,35
402,26	1441,77
402,47	1427,43
402,68	1517,54
402,88	1357,80
403,09	1488,87
403,30	1519,59
403,50	1347,56
403,71	1574,89
403,92	1644,52
404,12	2111,46
404,33	2965,46
404,54	3790,79
404,74	4503,48
404,95	5083,06
405,16	4814,77
405,36	4016,07
405,57	3409,87
405,78	2680,79
405,98	2203,61
406,19	1812,45
406,40	1759,21
406,60	1542,12
406,81	1464,30
407,02	1542,12
407,22	1472,49
407,43	1501,16
407,64	1619,94
407,84	1644,52
408,05	1705,96
408,26	1726,44
408,46	1718,25
408,67	1648,61
408,87	1464,30
409,08	1423,34
409,29	1492,97
409,49	1425,39
409,70	1411,05
409,91	1482,73
410,11	1425,39
410,32	1478,63
410,53	1378,28
410,73	1390,57
410,94	1480,68
411,14	1409,00
411,35	1447,91
411,56	1456,11
411,76	1447,91
411,97	1447,91
412,18	1398,76
412,38	1331,18
412,59	1415,15
412,79	1316,84
413,00	1441,77
413,21	1392,62
413,41	1374,19
413,62	1368,04
413,82	1480,68
414,03	1488,87
414,24	1480,68
414,44	1329,13
414,65	1374,19
414,86	1454,06
415,06	1445,87
415,27	1390,57
415,47	1554,41
415,68	1513,45
415,89	1677,29
416,09	1619,94
416,30	1636,33
416,50	1589,22
416,71	1607,66
416,92	1509,35
417,12	1505,26
417,33	1449,96
417,53	1366,00
417,74	1402,86
417,94	1456,11
418,15	1458,15
418,36	1492,97
418,56	1353,71
418,77	1452,01
418,97	1495,02
419,18	1488,87
419,39	1505,26
419,59	1525,74
419,80	1615,85
420,00	1599,46
420,21	1652,71
420,41	1767,40
420,62	1728,49
420,83	1599,46
421,03	1558,50
421,24	1513,45
421,44	1445,87
421,65	1456,11
421,85	1458,15
422,06	1341,42
422,27	1513,45
422,47	1415,15
422,68	1386,47
422,88	1435,63
423,09	1343,47
423,29	1435,63
423,50	1423,34
423,70	1333,23
423,91	1394,67
424,12	1394,67
424,32	1382,38
424,53	1382,38
424,73	1484,78
424,94	1447,91
425,14	1456,11
425,35	1409,00
425,55	1497,07
425,76	1517,54
425,96	1441,77
426,17	1507,30
426,37	1458,15
426,58	1509,35
426,79	1538,02
426,99	1619,94
427,20	1615,85
427,40	1556,46
427,61	1505,26
427,81	1558,50
428,02	1466,35
428,22	1480,68
428,43	1433,58
428,63	1382,38
428,84	1529,83
429,04	1384,43
429,25	1435,63
429,45	1456,11
429,66	1423,34
429,86	1447,91
430,07	1509,35
430,27	1546,22
430,48	1558,50
430,68	1533,93
430,89	1525,74
431,09	1492,97
431,30	1427,43
431,50	1505,26
431,71	1447,91
431,91	1398,76
432,12	1456,11
432,32	1529,83
432,53	1415,15
432,73	1411,05
432,94	1396,71
433,14	1507,30
433,35	1515,50
433,55	1488,87
433,76	1415,15
433,96	1562,60
434,17	1538,02
434,37	1636,33
434,58	1546,22
434,78	1705,96
434,99	1845,22
435,19	2824,15
435,40	4777,91
435,60	7554,96
435,81	10215,27
436,01	12556,10
436,22	12601,15
436,42	10332,00
436,63	8165,25
436,83	6789,02
437,04	5207,98
437,24	3981,25
437,45	2975,70
437,65	2242,53
437,86	1806,31
438,06	1628,14
438,26	1599,46
438,47	1556,46
438,67	1443,82
438,88	1521,64
439,08	1464,30
439,29	1433,58
439,49	1386,47
439,70	1482,73
439,90	1400,81
440,11	1423,34
440,31	1482,73
440,52	1398,76
440,72	1439,72
440,92	1415,15
441,13	1417,19
441,33	1460,20
441,54	1431,53
441,74	1300,46
441,95	1423,34
442,15	1562,60
442,36	1486,83
442,56	1390,57
442,76	1351,66
442,97	1361,90
443,17	1386,47
443,38	1431,53
443,58	1398,76
443,79	1423,34
443,99	1423,34
444,19	1447,91
444,40	1466,35
444,60	1411,05
444,81	1292,27
445,01	1370,09
445,22	1359,85
445,42	1425,39
445,62	1398,76
445,83	1433,58
446,03	1464,30
446,24	1406,95
446,44	1464,30
446,64	1382,38
446,85	1382,38
447,05	1351,66
447,26	1439,72
447,46	1378,28
447,67	1374,19
447,87	1368,04
448,07	1445,87
448,28	1394,67
448,48	1398,76
448,69	1368,04
448,89	1351,66
449,09	1468,39
449,30	1394,67
449,50	1329,13
449,71	1425,39
449,91	1472,49
450,11	1329,13
450,32	1411,05
450,52	1331,18
450,72	1368,04
450,93	1443,82
451,13	1456,11
451,34	1406,95
451,54	1386,47
451,74	1386,47
451,95	1366,00
452,15	1398,76
452,36	1433,58
452,56	1447,91
452,76	1423,34
452,97	1353,71
453,17	1374,19
453,37	1417,19
453,58	1376,24
453,78	1366,00
453,98	1384,43
454,19	1433,58
454,39	1302,51
454,60	1312,75
454,80	1415,15
455,00	1394,67
455,21	1349,61
455,41	1333,23
455,61	1460,20
455,82	1316,84
456,02	1343,47
456,22	1333,23
456,43	1415,15
456,63	1447,91
456,84	1439,72
457,04	1497,07
457,24	1325,04
457,45	1325,04
457,65	1433,58
457,85	1374,19
458,06	1423,34
458,26	1300,46
458,46	1415,15
458,67	1335,28
458,87	1497,07
459,07	1374,19
459,28	1488,87
459,48	1310,70
459,68	1349,61
459,89	1396,71
460,09	1464,30
460,29	1468,39
460,50	1406,95
460,70	1374,19
460,90	1390,57
461,11	1390,57
461,31	1509,35
461,51	1409,00
461,72	1361,90
461,92	1454,06
462,12	1497,07
462,32	1497,07
462,53	1427,43
462,73	1787,88
462,93	1415,15
463,14	1431,53
463,34	1425,39
463,54	1390,57
463,75	1456,11
463,95	1335,28
464,15	1480,68
464,36	1415,15
464,56	1400,81
464,76	1384,43
464,96	1376,24
465,17	1382,38
465,37	1343,47
465,57	1402,86
465,78	1435,63
465,98	1443,82
466,18	1357,80
466,39	1415,15
466,59	1462,25
466,79	1337,32
466,99	1409,00
467,20	1382,38
467,40	1406,95
467,60	1378,28
467,81	1458,15
468,01	1480,68
468,21	1374,19
468,41	1423,34
468,62	1521,64
468,82	1382,38
469,02	1400,81
469,22	1400,81
469,43	1349,61
469,63	1392,62
469,83	1333,23
470,04	1501,16
470,24	1466,35
470,44	1392,62
470,64	1476,59
470,85	1427,43
471,05	1368,04
471,25	1417,19
471,45	1325,04
471,66	1472,49
471,86	1449,96
472,06	1361,90
472,26	1507,30
472,47	1374,19
472,67	1456,11
472,87	1456,11
473,07	1413,10
473,28	1415,15
473,48	1394,67
473,68	1437,67
473,88	1384,43
474,09	1447,91
474,29	1370,09
474,49	1439,72
474,69	1341,42
474,90	1269,74
475,10	1425,39
475,30	1351,66
475,50	1443,82
475,70	1359,85
475,91	1398,76
476,11	1370,09
476,31	1460,20
476,51	1468,39
476,72	1394,67
476,92	1349,61
477,12	1425,39
477,32	1349,61
477,53	1411,05
477,73	1423,34
477,93	1411,05
478,13	1406,95
478,33	1392,62
478,54	1439,72
478,74	1441,77
478,94	1415,15
479,14	1333,23
479,34	1366,00
479,55	1388,52
479,75	1445,87
479,95	1406,95
480,15	1406,95
480,35	1470,44
480,56	1441,77
480,76	1443,82
480,96	1415,15
481,16	1472,49
481,36	1394,67
481,57	1423,34
481,77	1415,15
481,97	1353,71
482,17	1370,09
482,37	1359,85
482,58	1406,95
482,78	1419,24
482,98	1417,19
483,18	1402,86
483,38	1472,49
483,58	1423,34
483,79	1441,77
483,99	1386,47
484,19	1312,75
484,39	1425,39
484,59	1435,63
484,80	1439,72
485,00	1458,15
485,20	1325,04
485,40	1439,72
485,60	1417,19
485,80	1411,05
486,01	1406,95
486,21	1400,81
486,41	1406,95
486,61	1550,31
486,81	1384,43
487,01	1316,84
487,22	1501,16
487,42	1431,53
487,62	1341,42
487,82	1435,63
488,02	1466,35
488,22	1447,91
488,42	1456,11
488,63	1392,62
488,83	1411,05
489,03	1370,09
489,23	1439,72
489,43	1409,00
489,63	1558,50
489,83	1476,59
490,04	1435,63
490,24	1460,20
490,44	1400,81
490,64	1425,39
490,84	1449,96
491,04	1482,73
491,24	1439,72
491,44	1439,72
491,65	1583,08
491,85	1554,41
492,05	1490,92
492,25	1509,35
492,45	1480,68
492,65	1441,77
492,85	1474,54
493,05	1472,49
493,26	1482,73
493,46	1361,90
493,66	1404,91
493,86	1300,46
494,06	1431,53
494,26	1427,43
494,46	1478,63
494,66	1431,53
494,86	1406,95
495,07	1406,95
495,27	1462,25
495,47	1366,00
495,67	1431,53
495,87	1374,19
496,07	1374,19
496,27	1402,86
496,47	1413,10
496,67	1374,19
496,87	1406,95
497,08	1411,05
497,28	1439,72
497,48	1402,86
497,68	1472,49
497,88	1411,05
498,08	1406,95
498,28	1456,11
498,48	1374,19
498,68	1341,42
498,88	1318,89
499,08	1515,50
499,29	1484,78
499,49	1361,90
499,69	1398,76
499,89	1382,38
500,09	1384,43
500,29	1417,19
500,49	1378,28
500,69	1492,97
500,89	1456,11
501,09	1382,38
501,29	1415,15
501,49	1320,94
501,69	1390,57
501,89	1325,04
502,09	1466,35
502,30	1406,95
502,50	1505,26
502,70	1447,91
502,90	1439,72
503,10	1341,42
503,30	1390,57
503,50	1382,38
503,70	1366,00
503,90	1390,57
504,10	1382,38
504,30	1406,95
504,50	1411,05
504,70	1447,91
504,90	1443,82
505,10	1431,53
505,30	1447,91
505,50	1447,91
505,70	1499,11
505,90	1370,09
506,10	1415,15
506,30	1464,30
506,50	1398,76
506,70	1322,99
506,90	1398,76
507,11	1378,28
507,31	1382,38
507,51	1368,04
507,71	1464,30
507,91	1382,38
508,11	1472,49
508,31	1357,80
508,51	1368,04
508,71	1357,80
508,91	1406,95
509,11	1333,23
509,31	1439,72
509,51	1349,61
509,71	1425,39
509,91	1386,47
510,11	1406,95
510,31	1406,95
510,51	1499,11
510,71	1411,05
510,91	1390,57
511,11	1437,67
511,31	1499,11
511,51	1390,57
511,71	1335,28
511,91	1368,04
512,11	1406,95
512,31	1376,24
512,51	1492,97
512,71	1439,72
512,91	1386,47
513,11	1382,38
513,31	1357,80
513,51	1411,05
513,71	1366,00
513,91	1357,80
514,11	1525,74
514,31	1417,19
514,51	1449,96
514,71	1382,38
514,90	1400,81
515,10	1351,66
515,30	1361,90
515,50	1443,82
515,70	1492,97
515,90	1400,81
516,10	1419,24
516,30	1382,38
516,50	1427,43
516,70	1472,49
516,90	1345,52
517,10	1368,04
517,30	1505,26
517,50	1417,19
517,70	1400,81
517,90	1361,90
518,10	1374,19
518,30	1441,77
518,50	1351,66
518,70	1464,30
518,90	1325,04
519,10	1368,04
519,30	1456,11
519,50	1390,57
519,69	1497,07
519,89	1433,58
520,09	1415,15
520,29	1419,24
520,49	1400,81
520,69	1349,61
520,89	1415,15
521,09	1443,82
521,29	1726,44
521,49	1441,77
521,69	1374,19
521,89	1423,34
522,09	1439,72
522,29	1423,34
522,48	1538,02
522,68	1384,43
522,88	1376,24
523,08	1505,26
523,28	1507,30
523,48	1449,96
523,68	1333,23
523,88	1392,62
524,08	1415,15
524,28	1529,83
524,48	1486,83
524,68	1406,95
524,87	1433,58
525,07	1431,53
525,27	1439,72
525,47	1349,61
525,67	1392,62
525,87	1366,00
526,07	1456,11
526,27	1439,72
526,47	1333,23
526,67	1456,11
526,86	1316,84
527,06	1390,57
527,26	1431,53
527,46	1435,63
527,66	1417,19
527,86	1415,15
528,06	1310,70
528,26	1447,91
528,46	1366,00
528,65	1370,09
528,85	1320,94
529,05	1349,61
529,25	1370,09
529,45	1488,87
529,65	1398,76
529,85	1443,82
530,05	1480,68
530,24	1466,35
530,44	1406,95
530,64	1529,83
530,84	1398,76
531,04	1394,67
531,24	1423,34
531,44	1423,34
531,63	1417,19
531,83	1421,29
532,03	1521,64
532,23	1454,06
532,43	1497,07
532,63	1392,62
532,83	1431,53
533,02	1497,07
533,22	1431,53
533,42	1406,95
533,62	1384,43
533,82	1460,20
534,02	1507,30
534,22	1439,72
534,41	1384,43
534,61	1417,19
534,81	1439,72
535,01	1476,59
535,21	1501,16
535,41	1433,58
535,60	1390,57
535,80	1415,15
536,00	1398,76
536,20	1419,24
536,40	1415,15
536,60	1411,05
536,79	1400,81
536,99	1423,34
537,19	1409,00
537,39	1433,58
537,59	1374,19
537,78	1388,52
537,98	1472,49
538,18	1380,33
538,38	1472,49
538,58	1419,24
538,77	1456,11
538,97	1370,09
539,17	1411,05
539,37	1423,34
539,57	1370,09
539,77	1425,39
539,96	1406,95
540,16	1480,68
540,36	1361,90
540,56	1488,87
540,76	1447,91
540,95	1411,05
541,15	1447,91
541,35	1433,58
541,55	1435,63
541,74	1464,30
541,94	1472,49
542,14	1480,68
542,34	1497,07
542,54	1427,43
542,73	1464,30
542,93	1316,84
543,13	1423,34
543,33	1398,76
543,53	1378,28
543,72	1415,15
543,92	1449,96
544,12	1406,95
544,32	1603,56
544,51	1427,43
544,71	1423,34
544,91	1589,22
545,11	1734,63
545,30	2803,67
545,50	5621,67
545,70	10512,22
545,90	16316,17
546,10	21644,98
546,29	25091,71
546,49	23410,33
546,69	19310,30
546,89	15494,93
547,08	13301,56
547,28	10860,38
547,48	8984,44
547,68	7235,47
547,87	5398,45
548,07	3831,75
548,27	2987,99
548,47	2232,29
548,66	1914,85
548,86	1720,29
549,06	1562,60
549,25	1611,75
549,45	1599,46
549,65	1521,64
549,85	1589,22
550,04	1572,84
550,24	1513,45
550,44	1415,15
550,64	1464,30
550,83	1449,96
551,03	1540,07
551,23	1398,76
551,43	1447,91
551,62	1398,76
551,82	1431,53
552,02	1447,91
552,21	1382,38
552,41	1390,57
552,61	1480,68
552,81	1357,80
553,00	1370,09
553,20	1378,28
553,40	1431,53
553,59	1392,62
553,79	1488,87
553,99	1386,47
554,18	1357,80
554,38	1447,91
554,58	1400,81
554,78	1431,53
554,97	1464,30
555,17	1382,38
555,37	1409,00
555,56	1464,30
555,76	1427,43
555,96	1452,01
556,15	1490,92
556,35	1423,34
556,55	1476,59
556,74	1427,43
556,94	1507,30
557,14	1427,43
557,34	1374,19
557,53	1556,46
557,73	1390,57
557,93	1439,72
558,12	1335,28
558,32	1406,95
558,52	1464,30
558,71	1337,32
558,91	1472,49
559,11	1431,53
559,30	1341,42
559,50	1378,28
559,70	1445,87
559,89	1402,86
560,09	1357,80
560,29	1333,23
560,48	1368,04
560,68	1400,81
560,88	1456,11
561,07	1331,18
561,27	1357,80
561,46	1458,15
561,66	1456,11
561,86	1406,95
562,05	1464,30
562,25	1351,66
562,45	1456,11
562,64	1335,28
562,84	1415,15
563,04	1398,76
563,23	1415,15
563,43	1366,00
563,63	1466,35
563,82	1449,96
564,02	1413,10
564,21	1376,24
564,41	1398,76
564,61	1476,59
564,80	1456,11
565,00	1406,95
565,20	1406,95
565,39	1458,15
565,59	1351,66
565,78	1427,43
565,98	1480,68
566,18	1310,70
566,37	1466,35
566,57	1366,00
566,77	1443,82
566,96	1286,12
567,16	1464,30
567,35	1390,57
567,55	1439,72
567,75	1484,78
567,94	1423,34
568,14	1447,91
568,33	1345,52
568,53	1458,15
568,73	1581,03
568,92	1398,76
569,12	1327,08
569,31	1464,30
569,51	1300,46
569,71	1398,76
569,90	1390,57
570,10	1427,43
570,29	1521,64
570,49	1388,52
570,69	1433,58
570,88	1345,52
571,08	1427,43
571,27	1394,67
571,47	1343,47
571,66	1284,08
571,86	1374,19
572,06	1390,57
572,25	1366,00
572,45	1415,15
572,64	1460,20
572,84	1466,35
573,03	1433,58
573,23	1433,58
573,43	1449,96
573,62	1382,38
573,82	1390,57
574,01	1398,76
574,21	1325,04
574,40	1394,67
574,60	1333,23
574,79	1368,04
574,99	1447,91
575,19	1460,20
575,38	1439,72
575,58	1468,39
575,77	1443,82
575,97	1392,62
576,16	1488,87
576,36	1751,01
576,55	2281,44
576,75	2834,39
576,94	3409,87
577,14	3727,30
577,34	3663,82
577,53	3463,12
577,73	2922,45
577,92	2627,54
578,12	2527,19
578,31	2363,36
578,51	2643,93
578,70	2873,30
578,90	3332,05
579,09	3725,26
579,29	3850,18
579,48	3612,62
579,68	3323,85
579,87	2955,22
580,07	2645,98
580,26	2389,98
580,46	2234,33
580,65	2011,11
580,85	1783,78
581,04	1818,60
581,24	1515,50
581,43	1591,27
581,63	1417,19
581,82	1501,16
582,02	1439,72
582,21	1431,53
582,41	1456,11
582,60	1345,52
582,80	1384,43
582,99	1423,34
583,19	1449,96
583,38	1372,14
583,58	1374,19
583,77	1439,72
583,97	1398,76
584,16	1394,67
584,36	1376,24
584,55	1316,84
584,75	1382,38
584,94	1363,95
585,14	1402,86
585,33	1355,76
585,53	1423,34
585,72	1349,61
585,92	1439,72
586,11	1349,61
586,31	1390,57
586,50	1421,29
586,70	1439,72
586,89	1423,34
587,09	1368,04
587,28	1386,47
587,47	1443,82
587,67	1357,80
587,86	1417,19
588,06	1417,19
588,25	1433,58
588,45	1370,09
588,64	1402,86
588,84	1435,63
589,03	1439,72
589,23	1409,00
589,42	1501,16
589,61	1409,00
589,81	1501,16
590,00	1472,49
590,20	1456,11
590,39	1329,13
590,59	1384,43
590,78	1382,38
590,98	1368,04
591,17	1398,76
591,36	1433,58
591,56	1454,06
591,75	1480,68
591,95	1402,86
592,14	1374,19
592,34	1423,34
592,53	1433,58
592,72	1366,00
592,92	1490,92
593,11	1406,95
593,31	1415,15
593,50	1337,32
593,69	1423,34
593,89	1417,19
594,08	1366,00
594,28	1417,19
594,47	1439,72
594,67	1492,97
594,86	1357,80
595,05	1370,09
595,25	1411,05
595,44	1417,19
595,64	1345,52
595,83	1501,16
596,02	1390,57
596,22	1333,23
596,41	1423,34
596,61	1456,11
596,80	1372,14
596,99	1333,23
597,19	1300,46
597,38	1392,62
597,58	1425,39
597,77	1406,95
597,96	1417,19
598,16	1452,01
598,35	1394,67
598,54	1320,94
598,74	1333,23
598,93	1415,15
599,13	1398,76
599,32	1357,80
599,51	1390,57
599,71	1417,19
599,90	1396,71
600,09	1345,52
600,29	1394,67
600,48	1427,43
600,68	1435,63
600,87	1447,91
601,06	1402,86
601,26	1333,23
601,45	1357,80
601,64	1361,90
601,84	1406,95
602,03	1423,34
602,22	1499,11
602,42	1390,57
602,61	1415,15
602,80	1427,43
603,00	1417,19
603,19	1454,06
603,38	1587,18
603,58	1533,93
603,77	1513,45
603,96	1474,54
604,16	1480,68
604,35	1529,83
604,54	1492,97
604,74	1476,59
604,93	1454,06
605,12	1279,98
605,32	1419,24
605,51	1458,15
605,70	1433,58
605,90	1357,80
606,09	1521,64
606,28	1382,38
606,48	1464,30
606,67	1384,43
606,86	1456,11
607,06	1384,43
607,25	1406,95
607,44	1466,35
607,64	1382,38
607,83	1419,24
608,02	1279,98
608,22	1366,00
608,41	1372,14
608,60	1386,47
608,79	1384,43
608,99	1398,76
609,18	1529,83
609,37	1320,94
609,57	1431,53
609,76	1366,00
609,95	1374,19
610,15	1423,34
610,34	1357,80
610,53	1488,87
610,72	1458,15
610,92	1464,30
611,11	1425,39
611,30	1501,16
611,50	1353,71
611,69	1398,76
611,88	1417,19
612,07	1472,49
612,27	1406,95
612,46	1359,85
612,65	1394,67
612,84	1349,61
613,04	1423,34
613,23	1398,76
613,42	1439,72
613,62	1472,49
613,81	1423,34
614,00	1460,20
614,19	1431,53
614,39	1349,61
614,58	1431,53
614,77	1464,30
614,96	1406,95
615,16	1449,96
615,35	1357,80
615,54	1406,95
615,73	1384,43
615,93	1413,10
616,12	1554,41
616,31	1423,34
616,50	1441,77
616,70	1398,76
616,89	1382,38
617,08	1456,11
617,27	1368,04
617,47	1466,35
617,66	1497,07
617,85	1390,57
618,04	1351,66
618,23	1392,62
618,43	1318,89
618,62	1341,42
618,81	1466,35
619,00	1370,09
619,20	1417,19
619,39	1382,38
619,58	1513,45
619,77	1427,43
619,96	1417,19
620,16	1382,38
620,35	1366,00
620,54	1337,32
620,73	1390,57
620,93	1458,15
621,12	1464,30
621,31	1329,13
621,50	1480,68
621,69	1427,43
621,89	1423,34
622,08	1417,19
622,27	1382,38
622,46	1394,67
622,65	1382,38
622,85	1361,90
623,04	1507,30
623,23	1341,42
623,42	1325,04
623,61	1355,76
623,81	1368,04
624,00	1382,38
624,19	1357,80
624,38	1366,00
624,57	1406,95
624,76	1409,00
624,96	1398,76
625,15	1419,24
625,34	1398,76
625,53	1480,68
625,72	1361,90
625,91	1425,39
626,11	1376,24
626,30	1370,09
626,49	1384,43
626,68	1374,19
626,87	1378,28
627,06	1335,28
627,26	1370,09
627,45	1341,42
627,64	1427,43
627,83	1435,63
628,02	1374,19
628,21	1452,01
628,41	1488,87
628,60	1339,37
628,79	1374,19
628,98	1472,49
629,17	1386,47
629,36	1386,47
629,55	1460,20
629,75	1366,00
629,94	1409,00
630,13	1415,15
630,32	1366,00
630,51	1415,15
630,70	1390,57
630,89	1431,53
631,09	1452,01
631,28	1439,72
631,47	1382,38
631,66	1325,04
631,85	1357,80
632,04	1398,76
632,23	1376,24
632,42	1464,30
632,62	1447,91
632,81	1333,23
633,00	1443,82
633,19	1304,56
633,38	1353,71
633,57	1370,09
633,76	1357,80
633,95	1366,00
634,14	1325,04
634,34	1382,38
634,53	1390,57
634,72	1417,19
634,91	1497,07
635,10	1402,86
635,29	1392,62
635,48	1429,48
635,67	1427,43
635,86	1402,86
636,05	1431,53
636,24	1341,42
636,44	1349,61
636,63	1398,76
636,82	1409,00
637,01	1443,82
637,20	1415,15
637,39	1415,15
637,58	1441,77
637,77	1351,66
637,96	1441,77
638,15	1390,57
638,34	1335,28
638,53	1419,24
638,73	1400,81
638,92	1406,95
639,11	1439,72
639,30	1370,09
639,49	1423,34
639,68	1341,42
639,87	1439,72
640,06	1347,56
640,25	1366,00
640,44	1386,47
640,63	1351,66
640,82	1316,84
641,01	1308,65
641,20	1400,81
641,39	1439,72
641,58	1425,39
641,77	1497,07
641,96	1492,97
642,16	1509,35
642,35	1417,19
642,54	1529,83
642,73	1382,38
642,92	1492,97
643,11	1394,67
643,30	1415,15
643,49	1366,00
643,68	1427,43
643,87	1292,27
644,06	1345,52
644,25	1327,08
644,44	1427,43
644,63	1439,72
644,82	1415,15
645,01	1413,10
645,20	1398,76
645,39	1425,39
645,58	1374,19
645,77	1417,19
645,96	1351,66
646,15	1384,43
646,34	1439,72
646,53	1400,81
646,72	1433,58
646,91	1468,39
647,10	1366,00
647,29	1415,15
647,48	1394,67
647,67	1329,13
647,86	1425,39
648,05	1427,43
648,24	1415,15
648,43	1439,72
648,62	1390,57
648,81	1325,04
649,00	1308,65
649,19	1503,21
649,38	1361,90
649,57	1386,47
649,76	1443,82
649,95	1402,86
650,14	1488,87
650,33	1374,19
650,52	1406,95
650,71	1345,52
650,90	1341,42
651,09	1431,53
651,28	1447,91
651,47	1370,09
651,66	1423,34
651,85	1366,00
652,04	1325,04
652,23	1349,61
652,42	1374,19
652,61	1288,17
652,80	1497,07
652,99	1409,00
653,17	1427,43
653,36	1361,90
653,55	1376,24
653,74	1359,85
653,93	1335,28
654,12	1415,15
654,31	1349,61
654,50	1361,90
654,69	1441,77
654,88	1439,72
655,07	1433,58
655,26	1423,34
655,45	1406,95
655,64	1406,95
655,83	1439,72
656,02	1488,87
656,21	1417,19
656,39	1525,74
656,58	1460,20
656,77	1366,00
656,96	1521,64
657,15	1445,87
657,34	1497,07
657,53	1374,19
657,72	1476,59
657,91	1406,95
658,10	1425,39
658,29	1427,43
658,48	1431,53
658,67	1386,47
658,85	1445,87
659,04	1390,57
659,23	1415,15
659,42	1417,19
659,61	1423,34
659,80	1452,01
659,99	1425,39
660,18	1292,27
660,37	1378,28
660,56	1382,38
660,74	1384,43
660,93	1423,34
661,12	1333,23
661,31	1284,08
661,50	1406,95
661,69	1341,42
661,88	1402,86
662,07	1382,38
662,26	1382,38
662,44	1384,43
662,63	1456,11
662,82	1411,05
663,01	1439,72
663,20	1329,13
663,39	1376,24
663,58	1423,34
663,77	1449,96
663,95	1423,34
664,14	1433,58
664,33	1279,98
664,52	1327,08
664,71	1480,68
664,90	1374,19
665,09	1316,84
665,27	1439,72
665,46	1376,24
665,65	1456,11
665,84	1435,63
666,03	1366,00
666,22	1415,15
666,41	1458,15
666,59	1406,95
666,78	1337,32
666,97	1431,53
667,16	1421,29
667,35	1480,68
667,54	1449,96
667,72	1550,31
667,91	1624,04
668,10	1495,02
668,29	1513,45
668,48	1480,68
668,67	1431,53
668,85	1423,34
669,04	1587,18
669,23	1456,11
669,42	1435,63
669,61	1374,19
669,80	1409,00
669,98	1415,15
670,17	1449,96
670,36	1357,80
670,55	1402,86
670,74	1392,62
670,92	1435,63
671,11	1345,52
671,30	1398,76
671,49	1497,07
671,68	1505,26
671,86	1345,52
672,05	1441,77
672,24	1447,91
672,43	1376,24
672,62	1366,00
672,80	1458,15
672,99	1390,57
673,18	1425,39
673,37	1310,70
673,56	1382,38
673,74	1368,04
673,93	1441,77
674,12	1390,57
674,31	1320,94
674,50	1382,38
674,68	1343,47
674,87	1542,12
675,06	1472,49
675,25	1505,26
675,43	1505,26
675,62	1515,50
675,81	1531,88
676,00	1531,88
676,19	1560,55
676,37	1415,15
676,56	1466,35
676,75	1511,40
676,94	1423,34
677,12	1464,30
677,31	1415,15
677,50	1454,06
677,69	1406,95
677,87	1417,19
678,06	1415,15
678,25	1382,38
678,44	1384,43
678,62	1357,80
678,81	1384,43
679,00	1513,45
679,19	1406,95
679,37	1341,42
679,56	1316,84
679,75	1443,82
679,94	1415,15
680,12	1456,11
680,31	1433,58
680,50	1476,59
680,68	1423,34
680,87	1349,61
681,06	1460,20
681,25	1394,67
681,43	1456,11
681,62	1392,62
681,81	1366,00
682,00	1349,61
682,18	1417,19
682,37	1337,32
682,56	1423,34
682,74	1480,68
682,93	1529,83
683,12	1353,71
683,31	1431,53
683,49	1392,62
683,68	1431,53
683,87	1372,14
684,05	1400,81
684,24	1472,49
684,43	1406,95
684,61	1333,23
684,80	1351,66
684,99	1402,86
685,18	1409,00
685,36	1322,99
685,55	1394,67
685,74	1415,15
685,92	1439,72
686,11	1392,62
686,30	1378,28
686,48	1390,57
686,67	1452,01
686,86	1497,07
687,04	1505,26
687,23	1478,63
687,42	1554,41
687,60	1499,11
687,79	1562,60
687,98	1562,60
688,16	1482,73
688,35	1517,54
688,54	1578,98
688,72	1955,81
688,91	1443,82
689,10	1458,15
689,28	1366,00
689,47	1488,87
689,66	1443,82
689,84	1423,34
690,03	1429,48
690,22	1501,16
690,40	1417,19
690,59	1423,34
690,78	1484,78
690,96	1427,43
691,15	1382,38
691,34	1425,39
691,52	1439,72
691,71	1366,00
691,89	1472,49
692,08	1374,19
692,27	1378,28
692,45	1343,47
692,64	1378,28
692,83	1359,85
693,01	1447,91
693,20	1499,11
693,38	1423,34
693,57	1366,00
693,76	1466,35
693,94	1566,70
694,13	1558,50
694,32	1349,61
694,50	1554,41
694,69	1435,63
694,87	1515,50
695,06	1488,87
695,25	1472,49
695,43	1550,31
695,62	1816,55
695,80	2785,24
695,99	4532,15
696,18	7284,62
696,36	10026,86
696,55	12267,33
696,73	13786,93
696,92	12937,02
697,11	11470,67
697,29	9953,13
697,48	8707,96
697,66	7849,86
697,85	6510,49
698,04	6035,36
698,22	5076,91
698,41	4331,45
698,59	3846,09
698,78	3209,17
698,96	2621,40
699,15	2316,25
699,34	1890,28
699,52	1791,97
699,71	1718,25
699,89	1677,29
700,08	1603,56
700,26	1525,74
700,45	1538,02
700,64	1452,01
700,82	1443,82
701,01	1415,15
701,19	1501,16
701,38	1390,57
701,56	1411,05
701,75	1347,56
701,93	1415,15
702,12	1386,47
702,31	1415,15
702,49	1449,96
702,68	1554,41
702,86	1513,45
703,05	1603,56
703,23	1505,26
703,42	1677,29
703,60	1535,98
703,79	1521,64
703,97	1470,44
704,16	1595,37
704,34	1513,45
704,53	1472,49
704,72	1382,38
704,90	1449,96
705,09	1357,80
705,27	1415,15
705,46	1492,97
705,64	1521,64
705,83	1736,68
706,01	2389,98
706,20	3700,68
706,38	5523,37
706,57	7362,45
706,75	8877,94
706,94	9592,69
707,12	8984,44
707,31	7942,02
707,49	7034,77
707,68	6117,28
707,86	5470,12
708,05	4929,46
708,23	4376,51
708,42	3798,98
708,60	3438,54
708,79	2856,92
708,97	2553,82
709,16	2353,12
709,34	1955,81
709,53	1771,49
709,71	1677,29
709,90	1517,54
710,08	1554,41
710,27	1480,68
710,45	1464,30
710,64	1454,06
710,82	1443,82
711,00	1783,78
711,19	1382,38
711,37	1427,43
711,56	1425,39
711,74	1400,81
711,93	1341,42
712,11	1337,32
712,30	1341,42
712,48	1452,01
712,67	1449,96
712,85	1447,91
713,04	1398,76
713,22	1456,11
713,40	1357,80
713,59	1409,00
713,77	1439,72
713,96	1472,49
714,14	1787,88
714,33	1941,47
714,51	2205,66
714,70	2496,47
714,88	2654,17
715,06	2488,28
715,25	2295,77
715,43	2297,82
715,62	2154,46
715,80	2031,58
715,99	1990,63
716,17	1806,31
716,35	1830,88
716,54	1849,32
716,72	1587,18
716,91	1595,37
717,09	1607,66
717,28	1538,02
717,46	1531,88
717,64	1476,59
717,83	1417,19
718,01	1327,08
718,20	1382,38
718,38	1300,46
718,56	1378,28
718,75	1513,45
718,93	1390,57
719,12	1351,66
719,30	1384,43
719,48	1351,66
719,67	1415,15
719,85	1294,32
720,04	1390,57
720,22	1386,47
720,40	1325,04
720,59	1513,45
720,77	1452,01
720,96	1468,39
721,14	1409,00
721,32	1368,04
721,51	1417,19
721,69	1386,47
721,87	1382,38
722,06	1320,94
722,24	1439,72
722,43	1374,19
722,61	1400,81
722,79	1454,06
722,98	1402,86
723,16	1441,77
723,34	1482,73
723,53	1361,90
723,71	1390,57
723,90	1359,85
724,08	1374,19
724,26	1382,38
724,45	1390,57
724,63	1396,71
724,81	1382,38
725,00	1404,91
725,18	1394,67
725,36	1458,15
725,55	1482,73
725,73	1411,05
725,91	1505,26
726,10	1341,42
726,28	1497,07
726,46	1611,75
726,65	2000,87
726,83	2588,63
727,01	3012,56
727,20	3760,07
727,38	4315,07
727,56	4360,13
727,75	4003,78
727,93	3665,86
728,11	3397,58
728,30	3102,67
728,48	2744,28
728,66	2621,40
728,85	2461,66
729,03	2308,06
729,21	2144,22
729,40	1961,95
729,58	1837,03
729,76	1695,72
729,94	1611,75
730,13	1546,22
730,31	1392,62
730,49	1400,81
730,68	1472,49
730,86	1415,15
731,04	1488,87
731,23	1394,67
731,41	1423,34
731,59	1349,61
731,77	1548,26
731,96	1439,72
732,14	1488,87
732,32	1449,96
732,51	1415,15
732,69	1443,82
732,87	1398,76
733,05	1439,72
733,24	1415,15
733,42	1466,35
733,60	1370,09
733,79	1390,57
733,97	1351,66
734,15	1398,76
734,33	1513,45
734,52	1415,15
734,70	1476,59
734,88	1466,35
735,06	1431,53
735,25	1507,30
735,43	1443,82
735,61	1417,19
735,79	1454,06
735,98	1488,87
736,16	1800,16
736,34	1421,29
736,52	1488,87
736,71	1628,14
736,89	1554,41
737,07	1611,75
737,25	1753,06
737,44	1943,52
737,62	2883,54
737,80	4618,17
737,98	6924,18
738,17	9772,91
738,35	12367,68
738,53	14268,20
738,71	14006,06
738,89	12934,97
739,08	11202,39
739,26	9946,98
739,44	8882,04
739,62	7790,47
739,81	6619,04
739,99	5666,73
740,17	4695,99
740,35	3753,93
740,53	3192,78
740,72	2688,98
740,90	2430,94
741,08	2168,80
741,26	1826,79
741,44	1732,58
741,63	1671,14
741,81	1667,05
741,99	1570,79
742,17	1538,02
742,35	1546,22
742,54	1439,72
742,72	1550,31
742,90	1523,69
743,08	1406,95
743,26	1433,58
743,45	1513,45
743,63	1531,88
743,81	1546,22
743,99	1415,15
744,17	1464,30
744,35	1505,26
744,54	1550,31
744,72	1482,73
744,90	1515,50
745,08	1456,11
745,26	1470,44
745,44	1382,38
745,63	1480,68
745,81	1406,95
745,99	1402,86
746,17	1378,28
746,35	1439,72
746,53	1423,34
746,72	1464,30
746,90	1462,25
747,08	1505,26
747,26	1562,60
747,44	1562,60
747,62	1581,03
747,81	1460,20
747,99	1374,19
748,17	1529,83
748,35	1538,02
748,53	1488,87
748,71	1509,35
748,89	1583,08
749,07	1574,89
749,26	1587,18
749,44	1898,47
749,62	2908,12
749,80	4839,35
749,98	7489,42
750,16	10553,18
750,34	13246,26
750,52	15513,36
750,71	16224,01
750,89	17260,28
751,07	18102,00
751,25	19355,35
751,43	20932,29
751,61	21016,26
751,79	19195,61
751,97	16672,51
752,15	14456,61
752,34	12232,52
752,52	10549,09
752,70	8855,42
752,88	7290,77
753,06	5945,25
753,24	4732,86
753,42	3958,72
753,60	3399,63
753,78	3037,14
753,96	2736,09
754,15	2504,67
754,33	2213,85
754,51	2047,97
754,69	1742,82
754,87	1679,33
755,05	1644,52
755,23	1642,47
755,41	1441,77
755,59	1497,07
755,77	1497,07
755,95	1464,30
756,13	1505,26
756,31	1464,30
756,50	1468,39
756,68	1505,26
756,86	1513,45
757,04	1368,04
757,22	1509,35
757,40	1468,39
757,58	1423,34
757,76	1529,83
757,94	1499,11
758,12	1542,12
758,30	1505,26
758,48	1460,20
758,66	1439,72
758,84	1540,07
759,02	1507,30
759,20	1507,30
759,38	1595,37
759,56	1433,58
759,74	1648,61
759,92	1513,45
760,10	1554,41
760,28	1480,68
760,47	1431,53
760,65	1548,26
760,83	1562,60
761,01	1480,68
761,19	1550,31
761,37	1570,79
761,55	1548,26
761,73	1558,50
761,91	1603,56
762,09	1546,22
762,27	1751,01
762,45	2189,28
762,63	4388,80
762,81	10147,69
762,99	19037,92
763,17	31344,16
763,35	43765,09
763,53	53783,76
763,71	57908,36
763,89	55927,98
764,07	50779,39
764,25	44092,77
764,43	36707,79
764,61	28941,89
764,79	21702,32
764,97	16619,27
765,15	12871,48
765,33	9924,46
765,51	8226,69
765,69	7143,32
765,87	6207,39
766,05	5627,82
766,23	4892,60
766,41	4087,75
766,58	3389,39
766,76	2637,78
766,94	2351,07
767,12	2041,82
767,30	1914,85
767,48	1726,44
767,66	1644,52
767,84	1595,37
768,02	1611,75
768,20	1628,14
768,38	1587,18
768,56	1505,26
768,74	1515,50
768,92	1562,60
769,10	1513,45
769,28	1570,79
769,46	1521,64
769,64	1558,50
769,82	1574,89
770,00	1480,68
770,18	1380,33
770,36	1562,60
770,53	1521,64
770,71	1499,11
770,89	1548,26
771,07	1525,74
771,25	1554,41
771,43	2078,69
771,61	3465,16
771,79	6260,64
771,97	10262,37
772,15	14810,91
772,33	19527,38
772,51	22779,56
772,69	22898,34
772,86	21255,87
773,04	18466,53
773,22	15234,84
773,40	12017,48
773,58	9086,84
773,76	7184,27
773,94	5593,00
774,12	4732,86
774,30	3987,40
774,48	3643,34
774,65	3217,36
774,83	2947,03
775,01	2766,81
775,19	2531,29
775,37	2271,20
775,55	2045,92
775,73	1884,13
775,91	1638,38
776,09	1630,18
776,26	1525,74
776,44	1538,02
776,62	1550,31
776,80	1449,96
776,98	1578,98
777,16	1449,96
777,34	1521,64
777,52	1490,92
777,69	1562,60
777,87	1472,49
778,05	1513,45
778,23	1458,15
778,41	1505,26
778,59	1460,20
778,77	1335,28
778,94	1370,09
779,12	1318,89
779,30	1392,62
779,48	1460,20
779,66	1409,00
779,84	1419,24
780,02	1415,15
780,19	1474,54
780,37	1419,24
780,55	1439,72
780,73	1382,38
780,91	1435,63
781,09	1460,20
781,26	1488,87
781,44	1406,95
781,62	1411,05
781,80	1357,80
781,98	1316,84
782,16	1325,04
782,33	1431,53
782,51	1398,76
782,69	1343,47
782,87	1423,34
783,05	1411,05
783,22	1550,31
783,40	1327,08
783,58	1382,38
783,76	1460,20
783,94	1490,92
784,12	1439,72
784,29	1398,76
784,47	1447,91
784,65	1497,07
784,83	1454,06
785,01	1390,57
785,18	1398,76
785,36	1345,52
785,54	1488,87
785,72	1439,72
785,89	1466,35
786,07	1392,62
786,25	1460,20
786,43	1345,52
786,61	1394,67
786,78	1357,80
786,96	1458,15
787,14	1507,30
787,32	1431,53
787,49	1466,35
787,67	1415,15
787,85	1318,89
788,03	1406,95
788,21	1470,44
788,38	1443,82
788,56	1347,56
788,74	1382,38
788,92	1554,41
789,09	1546,22
789,27	1347,56
789,45	1482,73
789,63	1411,05
789,80	1417,19
789,98	1382,38
790,16	1476,59
790,34	1400,81
790,51	1452,01
790,69	1392,62
790,87	1439,72
791,05	1370,09
791,22	1447,91
791,40	1374,19
791,58	1474,54
791,76	1406,95
791,93	1587,18
792,11	1411,05
792,29	1447,91
792,46	1472,49
792,64	1505,26
792,82	1447,91
793,00	1456,11
793,17	1540,07
793,35	1439,72
793,53	1576,94
793,70	1542,12
793,88	1972,19
794,06	3016,66
794,24	5134,26
794,41	7610,25
794,59	10657,63
794,77	13113,14
794,94	14559,01
795,12	13621,04
795,30	11790,16
795,47	9426,80
795,65	7231,38
795,83	5846,95
796,01	4806,58
796,18	4063,17
796,36	3643,34
796,54	3203,02
796,71	3078,10
796,89	2815,96
797,07	2725,85
797,24	2428,89
797,42	2424,80
797,60	2244,57
797,77	2127,84
797,95	1933,28
798,13	1804,26
798,30	1695,72
798,48	1605,61
798,66	1693,67
798,83	1636,33
799,01	1595,37
799,19	1558,50
799,36	1595,37
799,54	1619,94
799,72	1988,58
799,89	2863,06
800,07	4218,82
800,25	5918,63
800,42	8120,20
800,60	10352,48
800,78	12400,45
800,95	14141,22
801,13	15906,57
801,30	17286,90
801,48	18288,36
801,66	17966,83
801,83	15687,44
802,01	13008,70
802,19	10196,84
802,36	8247,17
802,54	6588,32
802,72	5707,69
802,89	5081,01
803,07	4335,55
803,24	3940,29
803,42	3735,50
803,60	3336,14
803,77	3086,29
803,95	2875,35
804,12	2623,45
804,30	2422,75
804,48	2254,81
804,65	2127,84
804,83	1974,24
805,01	1816,55
805,18	1703,91
805,36	1570,79
805,53	1560,55
805,71	1578,98
805,88	1458,15
806,06	1507,30
806,24	1435,63
806,41	1492,97
806,59	1384,43
806,76	1400,81
806,94	1484,78
807,12	1406,95
807,29	1546,22
807,47	1488,87
807,64	1521,64
807,82	1591,27
807,99	1535,98
808,17	1449,96
808,35	1542,12
808,52	1513,45
808,70	1538,02
808,87	1480,68
809,05	1619,94
809,22	1570,79
809,40	1865,70
809,58	2742,23
809,75	4437,95
809,93	6866,84
810,10	9830,25
810,28	12597,06
810,45	14636,83
810,63	15173,40
810,80	16549,64
810,98	20078,29
811,15	25280,13
811,33	30719,53
811,51	36183,51
811,68	37633,47
811,86	33656,32
812,03	28251,73
812,21	22412,97
812,38	17323,77
812,56	13874,99
812,73	11343,70
812,91	9709,42
813,08	8402,82
813,26	7677,83
813,43	6772,63
813,61	6250,40
813,78	5568,43
813,96	4990,90
814,13	4396,99
814,31	4077,51
814,48	3889,09
814,66	3432,40
814,83	3030,99
815,01	2609,11
815,18	2299,87
815,36	2090,98
815,53	1861,60
815,71	1726,44
815,88	1652,71
816,06	1595,37
816,23	1488,87
816,41	1521,64
816,58	1570,79
816,76	1708,01
816,93	1488,87
817,11	1480,68
817,28	1382,38
817,46	1472,49
817,63	1505,26
817,81	1480,68
817,98	1357,80
818,16	1411,05
818,33	1464,30
818,51	1404,91
818,68	1361,90
818,86	1521,64
819,03	1427,43
819,21	1431,53
819,38	1472,49
819,55	1472,49
819,73	1458,15
819,90	1366,00
820,08	1394,67
820,25	1480,68
820,43	1456,11
820,60	1449,96
820,78	1423,34
820,95	1439,72
821,12	1349,61
821,30	1351,66
821,47	1394,67
821,65	1458,15
821,82	1400,81
822,00	1357,80
822,17	1406,95
822,35	1449,96
822,52	1439,72
822,69	1382,38
822,87	1423,34
823,04	1366,00
823,22	1382,38
823,39	1423,34
823,56	1427,43
823,74	1439,72
823,91	1431,53
824,09	1472,49
824,26	1308,65
824,44	1411,05
824,61	1488,87
824,78	1505,26
824,96	1456,11
825,13	1458,15
825,31	1488,87
825,48	1751,01
825,65	2475,99
825,83	3479,50
826,00	4884,41
826,18	6299,55
826,35	7624,59
826,52	8363,90
826,70	7673,74
826,87	6889,37
827,04	5625,77
827,22	4642,75
827,39	4147,14
827,57	3618,76
827,74	3243,98
827,91	2975,70
828,09	2738,13
828,26	2525,15
828,43	2480,09
828,61	2383,84
828,78	2195,42
828,96	2209,76
829,13	2086,88
829,30	2045,92
829,48	1982,43
829,65	1916,90
829,82	1816,55
830,00	1718,25
830,17	1554,41
830,34	1570,79
830,52	1509,35
830,69	1462,25
830,86	1515,50
831,04	1394,67
831,21	1527,78
831,38	1452,01
831,56	1464,30
831,73	1439,72
831,90	1423,34
832,08	1437,67
832,25	1488,87
832,42	1447,91
832,60	1452,01
832,77	1370,09
832,94	1376,24
833,12	1312,75
833,29	1341,42
833,46	1341,42
833,64	1411,05
833,81	1376,24
833,98	1419,24
834,16	1366,00
834,33	1398,76
834,50	1456,11
834,67	1357,80
834,85	1390,57
835,02	1368,04
835,19	1353,71
835,37	1378,28
835,54	1398,76
835,71	1435,63
835,89	1341,42
836,06	1482,73
836,23	1404,91
836,40	1392,62
836,58	1398,76
836,75	1472,49
836,92	1406,95
837,10	1349,61
837,27	1292,27
837,44	1435,63
837,61	1406,95
837,79	1406,95
837,96	1415,15
838,13	1452,01
838,30	1490,92
838,48	1435,63
838,65	1411,05
838,82	1417,19
838,99	1456,11
839,17	1466,35
839,34	1443,82
839,51	1464,30
839,69	1574,89
839,86	1861,60
840,03	2656,22
840,20	3768,26
840,37	5367,73
840,55	7018,39
840,72	8296,32
840,89	8970,10
841,06	8574,85
841,24	7833,48
841,41	6829,98
841,58	6576,03
841,75	7268,24
841,93	8697,72
842,10	10336,10
842,27	12377,92
842,44	13731,63
842,62	13649,71
842,79	12836,67
842,96	10678,11
843,13	9209,72
843,30	7976,84
843,48	6895,51
843,65	6207,39
843,82	5609,39
843,99	4995,00
844,16	4669,37
844,34	4233,15
844,51	3889,09
844,68	3583,95
844,85	3301,33
845,02	3006,42
845,20	2727,89
845,37	2623,45
845,54	2602,97
845,71	2306,01
845,88	2176,99
846,06	2045,92
846,23	1931,23
846,40	1753,06
846,57	1599,46
846,74	1525,74
846,91	1562,60
847,09	1540,07
847,26	1472,49
847,43	1509,35
847,60	1464,30
847,77	1398,76
847,94	1423,34
848,12	1374,19
848,29	1474,54
848,46	1368,04
848,63	1413,10
848,80	1441,77
848,97	1423,34
849,15	1460,20
849,32	1398,76
849,49	1359,85
849,66	1415,15
849,83	1351,66
850,00	1445,87
850,17	1368,04
850,35	1441,77
850,52	1445,87
850,69	1366,00
850,86	1443,82
851,03	1443,82
851,20	1636,33
851,37	2004,96
851,55	2422,75
851,72	3090,38
851,89	3913,67
852,06	4536,25
852,23	4851,64
852,40	4847,54
852,57	4356,03
852,74	3833,80
852,92	3366,86
853,09	2987,99
853,26	2891,73
853,43	2742,23
853,60	2590,68
853,77	2420,70
853,94	2332,64
854,11	2203,61
854,28	2451,42
854,45	2113,50
854,63	2004,96
854,80	1935,33
854,97	1898,47
855,14	1714,15
855,31	1794,02
855,48	1701,86
855,65	1685,48
855,82	1644,52
855,99	1603,56
856,16	1495,02
856,33	1538,02
856,50	1409,00
856,68	1472,49
856,85	1400,81
857,02	1386,47
857,19	1392,62
857,36	1417,19
857,53	1341,42
857,70	1382,38
857,87	1415,15
858,04	1374,19
858,21	1449,96
858,38	1431,53
858,55	1415,15
858,72	1409,00
858,89	1415,15
859,06	1464,30
859,23	1409,00
859,40	1497,07
859,58	1425,39
859,75	1343,47
859,92	1503,21
860,09	1513,45
860,26	1406,95
860,43	1382,38
860,60	1337,32
860,77	1357,80
860,94	1406,95
861,11	1415,15
861,28	1429,48
861,45	1458,15
861,62	1431,53
861,79	1411,05
861,96	1312,75
862,13	1456,11
862,30	1376,24
862,47	1359,85
862,64	1495,02
862,81	1423,34
862,98	1368,04
863,15	1421,29
863,32	1402,86
863,49	1480,68
863,66	1322,99
863,83	1452,01
864,00	1325,04
864,17	1441,77
864,34	1366,00
864,51	1423,34
864,68	1431,53
864,85	1333,23
865,02	1423,34
865,19	1333,23
865,36	1402,86
865,53	1390,57
865,70	1458,15
865,87	1409,00
866,04	1474,54
866,21	1499,11
866,38	1656,81
866,55	1619,94
866,72	1685,48
866,89	1910,75
867,06	1841,12
867,23	1796,07
867,40	1816,55
867,57	1894,37
867,73	1619,94
867,90	1624,04
868,07	1697,77
868,24	1578,98
868,41	1548,26
868,58	1566,70
868,75	1492,97
868,92	1542,12
869,09	1521,64
869,26	1488,87
869,43	1542,12
869,60	1472,49
869,77	1474,54
869,94	1480,68
870,11	1531,88
870,28	1366,00
870,45	1443,82
870,61	1437,67
870,78	1333,23
870,95	1447,91
871,12	1355,76
871,29	1499,11
871,46	1497,07
871,63	1392,62
871,80	1333,23
871,97	1390,57
872,14	1497,07
872,31	1427,43
872,47	1333,23
872,64	1411,05
872,81	1345,52
872,98	1335,28
873,15	1366,00
873,32	1515,50
873,49	1431,53
873,66	1357,80
873,83	1341,42
874,00	1351,66
874,16	1357,80
874,33	1382,38
874,50	1243,12
874,67	1320,94
874,84	1298,41
875,01	1341,42
875,18	1456,11
875,35	1284,08
875,51	1406,95
875,68	1398,76
875,85	1394,67
876,02	1392,62
876,19	1439,72
876,36	1484,78
876,53	1456,11
876,69	1443,82
876,86	1419,24
877,03	1419,24
877,20	1423,34
877,37	1398,76
877,54	1300,46
877,71	1431,53
877,87	1417,19
878,04	1431,53
878,21	1243,12
878,38	1406,95
878,55	1345,52
878,72	1345,52
878,88	1386,47
879,05	1509,35
879,22	1318,89
879,39	1382,38
879,56	1366,00
879,73	1409,00
879,89	1349,61
880,06	1456,11
880,23	1374,19
880,40	1382,38
880,57	1380,33
880,74	1398,76
880,90	1386,47
881,07	1357,80
881,24	1406,95
881,41	1366,00
881,58	1333,23
881,74	1366,00
881,91	1394,67
882,08	1411,05
882,25	1374,19
882,42	1337,32
882,58	1587,18
882,75	1316,84
882,92	1433,58
883,09	1433,58
883,26	1447,91
883,42	1394,67
883,59	1431,53
883,76	1333,23
883,93	1325,04
884,09	1312,75
884,26	1505,26
884,43	1423,34
884,60	1384,43
884,77	1411,05
884,93	1411,05
885,10	1398,76
885,27	1351,66
885,44	1423,34
885,60	1421,29
885,77	1488,87
885,94	1476,59
886,11	1411,05
886,27	1415,15
886,44	1390,57
886,61	1374,19
886,78	1378,28
886,94	1384,43
887,11	1443,82
887,28	1359,85
887,45	1390,57
887,61	1441,77
887,78	1310,70
887,95	1374,19
888,12	1425,39
888,28	1335,28
888,45	1286,12
888,62	1423,34
888,78	1370,09
888,95	1447,91
889,12	1357,80
889,29	1396,71
889,45	1300,46
889,62	1435,63
889,79	1390,57
889,95	1353,71
890,12	1458,15
890,29	1390,57
890,46	1357,80
890,62	1431,53
